Case1
178 46 0 0
921 51
929 347
719 329
421 811
941 996
349 737
958 160
450 599
593 998
52 751
634 926
654 212
942 543
373 25
587 487
228 244
345 579
442 213
722 899
626 107
386 959
730 604
516 757
114 176
116 289
973 725
796 58
574 179
836 213
517 260
654 219
216 792
915 384
390 865
604 133
148 628
376 655
650 711
341 439
950 107
248 261
804 840
739 370
707 888
904 2
365 666
915 838
156 821
892 703
827 196
502 644
884 655
992 464
621 818
489 972
742 921
477 482
856 712
219 537
920 715
838 455
883 254
445 55
333 350
428 832
997 958
521 920
268 58
803 445
814 804
118 218
450 220
715 278
138 43
71 512
964 818
15 402
357 798
202 996
703 74
950 336
670 33
265 939
270 485
576 362
708 766
351 569
509 699
311 567
334 540
373 767
89 947
828 607
684 555
500 237
824 993
799 504
740 989
645 37
642 804
221 954
994 370
378 622
395 383
319 939
5 68
872 780
922 509
252 661
891 246
744 124
40 291
114 63
58 846
910 20
413 793
989 449
731 445
815 104
433 148
5 992
67 67
648 774
582 895
677 128
918 275
412 312
920 469
981 128
531 126
950 527
638 91
927 344
748 837
308 50
853 466
612 914
500 212
35 708
60 35
982 940
645 201
285 574
937 722
803 418
453 135
836 644
397 382
574 420
294 502
394 232
103 412
369 315
313 322
791 513
836 227
855 42
168 466
930 847
404 571
954 706
106 496
614 774
37 841
915 11
948 860
603 831
412 920
764 313
769 523
512 589
750 197
375 291
335 366
429 539
663 739
656 534
595 940
2 30
61 117
105 49
167 117
4 12
107 15
53 21
84 177
131 99
53 118
23 26
79 79
143 50
96 102
168 37
104 41
89 150
161 171
15 38
45 167
124 103
152 145
144 81
106 174
109 170
9 49
49 123
133 50
165 134
14 124
145 169
37 176
161 139
81 73
68 91
163 36
35 22
115 29
44 23
4 139
48 174
17 119
71 104
34 61
144 82
127 119

Case2
178 46 0 0
742 34
125 165
205 753
676 766
649 846
183 272
33 333
280 598
904 957
916 502
926 128
147 207
280 851
35 677
663 935
645 561
4 541
903 874
377 887
199 301
777 934
182 435
565 22
136 331
442 703
723 553
722 466
608 230
550 687
699 760
455 853
278 467
289 66
324 918
173 898
701 620
539 865
689 520
745 260
562 40
21 518
505 410
704 84
202 694
794 551
839 225
906 872
116 119
575 619
97 171
703 575
338 713
636 440
857 939
45 58
890 805
245 384
296 857
90 323
725 223
911 739
318 613
193 129
849 312
906 925
636 118
397 934
514 604
811 175
393 353
785 256
706 606
69 453
104 272
292 901
312 412
789 621
977 105
865 646
662 85
277 145
907 635
65 329
373 34
52 830
710 273
485 443
663 824
317 380
375 41
582 652
558 138
133 787
401 755
818 875
685 853
780 827
517 30
177 824
556 414
47 172
331 911
474 136
532 1000
441 906
713 217
16 517
891 136
536 438
962 954
528 508
663 780
982 111
56 331
412 797
184 7
880 1
540 269
748 213
520 833
534 692
842 433
598 785
194 813
806 40
86 156
535 522
900 417
566 198
689 815
455 815
119 375
976 418
288 500
73 581
824 444
593 399
823 61
701 574
679 309
543 210
787 860
174 487
440 579
223 47
990 802
35 738
454 73
311 346
348 498
345 104
442 875
33 24
521 625
736 582
4 829
960 869
442 820
553 111
502 472
784 338
41 684
223 92
256 590
859 301
711 749
195 790
234 842
450 484
320 460
70 64
652 191
962 633
825 527
787 49
164 77
608 679
771 218
84 130
89 169
138 24
14 160
76 62
126 140
35 61
30 148
151 56
97 53
127 158
135 159
16 168
176 123
174 106
84 110
112 120
4 28
44 160
19 70
134 104
74 104
108 68
155 127
68 160
112 168
78 97
29 155
84 62
12 53
160 47
13 20
92 137
134 127
95 154
16 171
137 144
120 111
148 120
101 21
159 147
168 68
48 44
165 107
158 41
146 15

