Case1
873 241 0 37
1744 3473
3212 1942
4078 4947
1548 6890
3412 3555
46 1954
1860 5316
5391 2106
7803 7269
4568 4926
7432 9440
5771 4598
790 3938
7758 2762
1197 9693
3569 1941
1689 9555
1888 4331
4604 4979
9461 1214
751 2396
1007 5984
2757 4470
8820 6815
3098 8956
2850 3405
1142 7612
3534 5884
5031 7721
3774 2965
3661 9182
3598 755
1220 831
832 3231
1708 690
3804 320
3739 6173
7566 9803
6528 1920
3422 4749
6416 4929
2644 9144
9566 8875
9189 469
493 2136
2924 9561
8045 6951
4472 4816
55 283
5053 0
5497 601
9963 2271
8212 8493
2212 9839
9466 3296
3736 6704
7514 2322
5089 5298
1122 4045
1047 6525
568 1723
8700 694
4009 9308
6697 2173
9342 7209
9147 5144
1638 1539
5336 7850
4116 6741
6926 7915
6182 8202
7549 1894
5589 8415
5872 8079
2967 7489
2064 2756
6075 6443
9361 6635
8012 9587
6963 9933
8304 507
7845 1753
8324 4745
5212 1814
2779 996
4353 321
7192 1947
2388 4847
7183 5178
7037 1448
9194 4470
6951 918
3792 1846
364 89
2145 1126
5889 2386
3397 4480
9078 1458
5728 4472
1128 6664
6685 5450
1495 9390
9001 9771
4523 4781
6575 6313
1289 4316
1550 1011
1792 818
7479 1740
9300 9030
5479 2752
8263 1649
9955 7113
9529 2874
7978 9096
1750 8894
1750 2316
5886 7561
6698 3574
449 7493
8691 6790
8804 238
2655 6240
6172 7828
1402 3355
3312 2010
7891 6748
5790 797
6340 872
2689 2548
7610 4713
6233 7757
2099 8256
4269 3963
9038 1147
892 9743
4495 4893
6529 9615
1708 7249
7787 2896
6365 5008
9045 5999
6411 9340
2336 9498
597 5995
9421 8405
2537 1246
93 6522
7343 3285
3790 3479
6034 7897
7294 6137
8899 6761
9999 4383
2699 6441
9568 5053
8226 6269
5063 6689
4056 3674
1672 2142
9601 6278
1003 5696
5511 1049
3582 6236
2346 2196
5669 8322
9042 1076
811 8517
1151 3421
7635 5221
5129 1394
9299 6427
8930 631
6788 1327
1168 5294
7714 8491
705 7371
4700 5449
6080 6
2546 1981
9512 8472
1386 2102
3348 6515
3810 7839
7752 343
7552 1239
7214 7204
1734 9746
27 671
3928 4037
9254 118
7273 6794
5900 7567
1808 5409
5059 1140
1804 1639
3551 699
1363 6410
3262 7843
3858 8562
7839 9468
6869 2183
1605 1342
3222 8354
8710 5719
414 3637
7318 4923
5296 9440
8451 1092
8219 3492
1489 712
1012 7144
8759 1492
6145 9875
9699 8222
215 5532
1096 3753
3515 3124
3600 1013
8821 8720
6322 2021
6826 3966
707 314
2610 1077
2059 3900
7473 3727
2099 6830
3033 8247
8793 8900
79 9749
269 4575
2839 3366
8156 4219
531 1662
1851 3002
1916 5443
9401 5410
5324 6704
2446 6214
6170 9264
2509 1958
6316 4709
3272 544
4808 8776
8945 326
7500 5971
1868 4314
3865 8338
3490 9482
2883 7621
1585 6030
6344 8767
3188 6467
7087 6695
7072 9830
1796 7586
1817 2043
2759 538
5503 9460
721 5393
917 8949
1410 7744
5762 4567
1610 2761
821 7798
6765 5245
310 5607
1007 4588
7667 8190
2237 9768
6976 6142
9425 1304
4881 5028
6632 4278
368 3834
8476 8856
102 2626
4662 2606
5174 3909
7065 1876
1014 1606
1404 7897
6033 1389
6997 6967
6079 6158
2276 3060
1237 876
846 5487
8637 1676
2637 3891
9983 5182
7454 7778
5351 5325
3636 8002
5378 6588
2884 3234
2483 4567
3373 5254
7968 7029
7208 3133
5955 1201
5012 7843
6969 5986
9956 5638
3699 931
5916 694
8966 7381
9595 4886
1252 1027
4428 5354
6282 9254
4887 8581
4086 1105
3390 3010
9756 2527
8464 1001
2637 4560
1995 4836
3146 7628
5492 840
8522 707
93 304
8904 271
2758 5782
2908 152
1527 6639
7515 189
6044 8241
531 8449
5630 5065
5168 9091
6130 9177
5306 5559
8451 2036
6950 6640
6285 9386
6041 1181
7844 6082
5311 5763
6596 202
3210 8468
9000 3453
6019 1037
2978 8007
273 1169
9530 8229
6329 6482
1234 9465
5505 1763
5704 5039
2604 1525
8998 6910
2828 584
3943 5083
7097 6438
919 5778
2610 8509
4165 8595
6133 1027
4955 8519
5913 8230
4093 9415
4422 2878
91 1885
8168 1657
6119 9857
2712 3924
8371 7028
742 3491
827 6505
8523 6651
6571 4291
1401 3493
3788 124
2184 3705
5378 7151
7103 2515
4702 5338
2905 7216
6413 2178
5139 9799
525 8245
2095 6597
9969 4471
1078 1610
6648 2630
3670 6138
8792 441
4492 3739
2748 7947
3574 6165
5780 2397
5942 2881
2418 4715
3223 4054
5934 1813
1206 4489
8155 5524
4130 3900
5419 717
1214 7080
5829 2280
3402 6117
3088 3098
8677 5576
5233 2878
2364 771
2323 755
4879 8695
5791 2956
3021 920
3530 501
2619 7945
9065 901
9590 4765
163 2129
3768 8254
2124 6757
4825 7891
3609 9066
2417 2766
8409 8221
3371 9393
4788 6112
7112 6869
5167 9369
6858 8169
2835 1204
8121 8955
9080 290
7976 8180
3697 589
8245 7993
4172 8293
3250 3952
4004 9342
8118 420
8612 3833
6744 128
8069 1627
9489 1410
9493 6846
9416 1331
8361 7645
2466 8050
7216 1637
1361 1161
2312 6632
5187 4458
3555 997
6662 1586
801 7874
6894 1408
23 2703
3061 6536
6169 4119
7910 5461
5625 4074
1217 5973
117 4314
2455 5172
5616 2742
727 9241
4346 5079
2823 4404
5355 4305
2674 8976
9273 2825
5857 5282
5854 23
916 9363
8694 947
5222 5831
132 223
6838 5043
730 8984
5450 9835
1979 1579
4797 9438
7921 3175
6223 8963
1207 8922
7999 3800
1804 329
7881 9687
2024 4757
7001 771
9847 9402
1627 47
3609 2147
5614 8732
5063 7715
408 3794
4495 9122
1382 5740
1192 1225
8944 1939
4862 5270
403 4346
8765 752
3885 4277
3350 3714
8700 1068
9919 8584
7578 5894
7476 4079
4862 6819
2332 2368
1403 6211
9271 4661
1210 7081
5090 5724
7182 604
237 4444
3181 3105
1873 7452
7604 7139
2217 8127
9174 7935
9290 3790
9176 3450
3286 9828
5589 3534
728 613
3650 1319
269 3632
4272 7822
8564 4994
6423 8982
1977 1646
2104 2879
71 8037
2866 3696
9769 2714
4949 8154
4915 3403
6079 9631
4538 7480
702 4905
4537 8439
2034 8592
1735 7937
8654 723
6325 7320
594 3640
8510 2142
4895 5385
7893 8127
3367 8134
9586 7260
6006 1838
9325 8269
1894 5231
977 6592
5728 8611
3753 5161
2132 5404
3130 8759
1874 2433
9096 1581
3712 1986
7599 9705
3186 2356
6327 7613
4948 7313
3867 684
8366 9161
2116 3585
7086 4467
5404 7891
2019 6339
6205 934
3741 2203
6561 1894
4729 1455
6348 392
4032 3053
4406 7564
6981 9147
6193 9418
367 7182
2111 7615
9179 9580
3949 3289
4368 7013
2979 5468
2473 8639
2172 6765
6901 173
6714 5570
7622 8637
1549 5731
705 793
2045 1848
1619 835
4010 753
6579 1700
2301 7457
4312 3571
3037 6936
6609 2545
3033 1480
9739 2270
1503 7011
420 1399
3287 767
9406 139
9910 7078
2919 9868
4639 7542
7241 829
361 6883
4504 4249
4582 5971
8440 6856
4144 9087
7233 7784
3370 3346
6935 62
3234 4404
2907 1536
5919 4042
8720 2922
8622 2046
1557 3939
2875 6921
746 1968
768 7378
1312 1546
7445 9341
7626 7127
78 1194
3118 6031
7075 3439
858 3264
7712 7549
6284 4973
1621 2848
7827 2720
9606 9525
3343 6461
2065 507
259 124
9054 4882
5193 66
6406 747
4416 3277
5685 5988
9998 9215
1823 1292
7704 6400
1206 939
1823 2498
4715 3361
8954 4520
4757 5302
7494 3970
2697 516
2092 310
3219 6366
2629 4956
5192 9440
5427 7133
4342 4354
358 2427
1683 8289
1266 4619
3038 7467
8667 1467
9253 798
3125 5541
3686 210
4869 1875
3495 6800
208 5280
3806 6893
8178 1447
9421 2309
1428 7677
6955 4726
3846 970
1424 4861
3665 3557
5192 3427
4853 8470
3958 2243
1505 712
3964 755
9623 2753
6978 5298
8182 6632
4771 5872
6742 8776
2779 7962
9937 7778
3448 4966
161 9889
3324 192
8548 1679
4435 6035
843 4492
9657 1964
9235 651
3868 2252
3351 7132
7510 8983
3663 8417
6850 5823
8346 6595
5712 3286
298 3423
6760 6752
4460 6020
6477 4407
6810 5142
6941 3430
5545 2585
9203 9243
1766 2144
7622 4462
1748 6791
1862 1307
5345 3235
3430 3634
5412 3896
6594 2532
1284 5442
9339 2459
5257 2530
8595 3273
4803 5144
5404 7189
4839 8031
9918 8688
3704 1122
3146 9722
3749 543
2269 2152
2416 843
8922 4322
2535 419
5421 8879
1170 3737
2136 4549
4823 5955
320 5397
5048 7777
8663 7332
2603 1008
8514 3066
143 8142
2297 3585
3184 2533
1981 6275
6536 9261
9620 7290
8761 572
9986 8508
327 4012
6100 7449
2087 5743
2030 1922
9454 6383
3815 9838
4241 1757
8534 8619
507 6360
3613 7954
2932 3023
3326 4254
6287 8365
7079 5092
2353 9847
4561 7176
6312 7000
6168 1942
8037 6295
3140 8725
5021 6406
840 6648
2703 8250
276 2884
4882 2017
7556 6712
1564 1688
8264 5938
4143 6004
3982 4687
8081 3731
1080 9287
1452 192
7765 2049
3618 1505
3917 1111
2062 2748
9716 8181
7014 6349
3233 5026
2857 7414
4260 3862
2501 3403
1441 6392
5934 6595
2508 1202
6984 9132
2823 9464
2937 2066
5795 4413
135 1804
9781 1018
4911 9617
38 8339
3300 2479
1015 8646
4867 6389
3772 4160
5656 6537
5752 4346
2801 2228
5202 4195
8652 8285
592 6622
5400 8817
6135 186
2153 3696
8110 6708
5138 2885
3144 2018
8310 8793
8787 7114
6020 2296
8800 6249
1593 3741
391 3142
5670 6271
8343 6405
6002 5174
1397 540
6012 3578
9630 9413
2894 1804
7556 4962
7261 4944
6722 5121
5445 834
3199 1387
2445 8487
9949 8296
8172 5243
1412 4180
2204 9474
7813 5021
2549 4446
9638 935
2067 8163
8587 7914
2143 3407
9839 5785
6956 2049
1941 7064
3280 7707
4818 332
123 1286
3473 6123
9701 4636
4784 2867
6274 8567
7469 5439
2187 2826
779 9029
1071 7278
5767 6672
6644 5484
413 337
66 778
584 843
58 56
172 154
827 868
808 443
514 2
469 496
402 545
695 64
93 853
497 439
387 233
753 674
762 285
179 554
645 864
378 292
754 679
802 159
770 291
609 530
180 428
315 667
43 627
792 474
513 105
668 555
545 345
181 390
586 481
759 544
863 637
528 502
296 750
316 564
698 591
29 53
101 265
268 680
771 254
565 377
806 613
573 187
124 396
612 516
451 168
37 3
363 168
622 584
152 116
15 25
394 193
134 224
841 602
815 498
685 111
656 348
703 385
503 357
435 815
507 745
668 554
114 297
743 96
213 526
116 68
107 728
818 215
402 394
226 74
841 371
98 755
681 711
722 851
802 56
53 298
80 101
186 78
747 783
842 155
650 640
316 258
197 103
468 263
174 196
746 531
641 437
211 220
603 432
578 149
629 576
252 695
638 680
227 201
20 727
385 847
462 300
198 788
792 180
463 295
556 260
329 477
687 151
628 286
11 832
364 752
556 773
816 714
864 111
327 440
327 795
526 217
419 873
5 223
482 340
399 695
563 327
97 10
467 417
607 486
409 708
99 647
430 813
834 389
24 563
702 598
475 733
731 322
305 698
779 246
837 322
26 797
59 244
208 813
448 808
29 383
777 476
522 336
574 713
735 841
752 340
372 496
379 305
654 364
264 489
676 48
402 832
389 742
665 574
490 548
315 831
142 547
526 769
639 447
834 17
329 521
578 546
692 108
185 246
389 696
9 750
390 748
824 173
169 494
483 416
499 377
640 244
162 853
308 854
328 313
549 868
93 624
443 684
816 72
827 357
634 402
472 513
85 328
643 821
296 354
388 314
755 275
716 55
760 255
46 55
349 273
348 460
305 816
679 106
79 597
839 62
712 693
231 514
421 760
111 751
33 270
495 653
699 696
94 395
152 850
243 752
791 203
535 409
539 627
585 82
268 697
756 262
394 601
370 487
3 419
348 546
132 614
856 390
139 105
769 701
558 182
531 643
437 188
615 47
307 603
220 500
784 513
148 836
354 24
831 591
182 431
75 860
244 123
257 753
803 281
613 336
559 790
560 820
729 153
366 678
164 717
674 783
728 223
329 548
304 753 1
115 165 1
537 747 1
720 712 1
597 372 1
461 323 1
646 232 1
299 123 1
733 440 1
418 810 1
521 578 1
670 290 1
750 57 1
833 790 1
78 674 1
779 276 1
447 301 1
204 406 1
C855 771 1
C186 834 1
C195 9 1
C54 54 1
C845 143 1
C730 872 1
C345 315 1
C146 95 1
C245 145 1
C470 804 1
C269 291 1
C531 507 1
C148 208 1
C539 752 1
C307 302 1
C371 662 1
C766 555 1
C710 651 1
C393 350 1

Case2
873 241 0 37
8408 454
8326 1468
5500 9530
9222 3203
8494 4619
4554 9635
5133 6591
9377 7616
9005 471
4120 2700
4720 6574
69 7947
4243 3221
3726 1285
1382 5571
4579 588
5974 6873
5537 3756
6660 5578
7774 9712
1314 4192
2049 4990
7166 3467
6725 9774
8435 8610
8628 6703
7929 2548
6662 5540
434 4975
9688 6870
3 4876
9495 8418
221 8583
6991 8279
6466 4968
4634 370
1765 4377
1047 8768
3389 8098
4333 9229
5574 750
9077 8172
4899 8834
8277 1661
8733 4856
5531 9521
3917 7973
4651 2613
2373 8841
3639 4536
2689 8552
7403 2493
1909 8911
8953 5958
9699 4080
1943 5893
7906 1662
8372 1734
2070 4680
3994 8147
7920 4564
625 8634
5064 9280
8820 8493
2173 23
6689 5297
2765 4527
568 1154
8402 4954
1104 7280
6559 3608
3946 8108
3741 241
7687 9122
508 596
2951 9835
3993 7032
5599 983
5226 8534
3902 2851
3125 9266
4256 9888
4343 1887
2470 5295
8364 4347
8050 8101
179 6548
6960 4370
8715 6393
4366 3705
7715 3044
2556 1919
7286 8947
864 885
8463 1121
3762 6944
239 6592
511 9985
8351 6363
4763 6325
7746 7371
5324 9853
6201 2007
9929 7561
4774 420
2321 7540
1929 1637
9200 9802
2086 5750
7646 2865
6040 892
5566 1963
276 5555
7335 7908
4542 8874
4377 9224
2201 9007
5721 3947
5874 2409
6701 1677
1675 4909
4937 906
8940 8839
1468 1442
8756 9153
1503 6824
3864 5486
3619 7016
4488 6368
8465 7408
9566 6475
7984 6149
455 7698
4072 8191
4743 63
1124 1056
981 9109
467 4348
1386 2156
5859 2220
8349 7145
8356 5703
2411 4151
5706 9602
3869 1538
6145 6957
7508 5803
8959 2537
171 6606
4519 5700
3824 6242
4629 2107
2551 5821
9937 3217
572 8842
4990 2280
9731 6502
3013 5650
9162 8073
1926 8596
6892 4008
281 5546
2960 9024
6839 5705
6324 7374
292 6323
3293 2746
6318 7538
3535 781
7542 4711
766 3088
8313 6390
9200 7797
195 8689
3529 3190
6033 9722
9760 7781
88 966
6572 2282
9296 5960
2061 6385
5984 547
8661 5982
5554 3084
9871 4547
3551 7417
6009 5727
5328 6292
2602 2911
8058 7880
4292 5519
9271 3532
9141 1061
8238 608
3105 6644
6588 193
2084 3519
2322 5924
9458 3534
7048 6736
274 6882
9706 3349
9424 6423
1296 5558
9957 5042
4223 4988
9530 8977
6713 5891
7425 1890
7513 4750
1992 1549
8531 7996
8508 3418
3450 5977
415 3233
8448 470
2739 3636
7118 2496
5020 8375
5453 6944
2566 1214
4299 652
9046 5704
6102 945
454 6278
9957 2346
397 753
3956 250
9232 9243
6699 1622
5147 4732
422 4478
3523 6136
6674 9854
1999 5511
1718 2238
2645 7289
2907 7048
9309 8884
9185 6608
7780 8838
8525 9322
8764 780
2676 241
8810 8932
4864 5085
2332 3577
9254 3890
8651 3068
1934 4973
1566 2185
1910 4621
5433 5472
7211 3051
878 8068
5549 2535
5396 5923
1230 9361
8881 1867
9947 7258
1823 3960
978 6313
4394 7781
1925 8008
7900 4862
4531 3995
6230 5377
1463 3517
3815 4326
2934 1910
8338 6997
8968 607
989 1262
7801 7201
4430 1408
3428 2695
8743 606
5593 1894
8684 6891
3704 2030
1300 576
2072 4199
1613 9388
7633 1943
5443 1280
2894 1406
2726 3921
6228 7902
1681 4091
8825 4421
4052 9911
2652 8661
4303 3702
6546 6472
1161 3567
8235 1287
8130 7284
8540 1038
760 3036
214 6371
2350 7639
8023 6525
6470 4427
8477 2178
4276 9789
7403 7733
6896 9431
981 9074
8370 2901
1241 6662
2578 7654
125 7962
8401 1955
7190 7681
940 9358
4753 9072
3075 6090
889 4616
815 6756
5055 9853
7997 3014
3298 9774
678 4530
72 3273
9308 1430
1425 7466
7158 2744
33 320
6862 5845
5956 7055
2957 7802
8258 2976
7279 717
1734 3063
5760 9628
9836 6476
9739 3339
9588 2395
2241 5721
6839 2120
9853 7358
459 1192
3777 5264
2258 4445
9488 1374
5345 6384
2954 8928
7414 9026
2864 9513
6986 9452
2480 2561
62 9716
1805 3381
1809 2455
606 5410
2916 6599
5479 7347
3097 8868
9650 6034
4822 8458
2475 1518
8843 4234
6721 1602
9299 6024
5593 9377
290 4229
8270 8702
7687 4830
2161 9443
9619 111
2534 6348
6625 8923
5268 2917
7758 4153
6504 4350
2064 9251
3738 1689
5808 49
6501 2698
4587 2995
1208 3637
6035 5876
3966 135
3208 2651
7166 4643
932 9608
577 2577
7427 6136
5279 9208
1306 9766
9272 4548
9728 1712
6897 4121
6879 6198
297 9290
3273 4031
53 2058
5378 8570
3885 5719
2007 61
6827 4552
8583 2568
3640 2881
2897 6220
4416 6232
6321 6385
7260 5083
2543 462
7780 4755
1870 2507
3681 3352
2877 5650
4187 3343
4767 2352
8252 1395
3189 2970
2538 5328
9469 3786
35 6724
8183 6694
2800 2638
876 4079
7842 95
4321 4072
3410 2626
175 3311
4093 8955
9163 6650
7008 152
6969 5793
8130 3023
916 1794
7330 4351
6200 9520
3038 2707
7963 5719
2635 1974
815 6214
2631 3489
540 1797
3505 1741
3663 6987
7659 1965
9344 457
5368 6608
4596 1158
2855 1692
8253 9438
8604 3357
1257 8275
8946 9510
917 5704
1580 1440
4524 5870
6172 5497
3429 2809
4469 5474
2083 7996
8485 2239
7803 9987
4199 8307
6129 2075
9971 1551
3494 1766
3387 4074
3635 4106
7631 9341
6686 9406
8615 3155
207 4763
7110 1761
9564 7917
5885 3440
964 1428
475 8322
4303 4989
3624 4825
4441 3698
7651 123
9012 591
6071 6354
7994 2399
5603 3882
5331 8534
2412 7911
5668 4654
1883 4898
9944 3798
9512 887
2012 41
1632 4646
4698 1910
8581 4736
7829 5376
9640 1138
2587 9144
8654 8811
6312 8166
1558 2739
9303 4855
2206 1433
573 1269
898 8575
2593 9733
776 580
6014 3799
864 1224
4150 6238
941 3113
3531 5816
2677 9845
1253 52
3490 1954
2035 6836
4444 4384
7901 3797
1159 3146
1242 714
7214 4078
7637 6824
2770 7183
8237 1918
7294 5854
2835 7364
4129 1541
3760 750
6437 836
7629 5830
8532 3824
6726 7546
4009 9610
4234 550
2235 7426
7911 8392
7725 9394
4896 9730
2741 4143
6327 7405
2060 8808
4165 5928
237 628
4222 3105
5953 8380
8757 1840
5070 8125
9216 8931
3864 7470
4692 8671
6565 7364
4513 413
6837 768
3972 894
1086 3080
713 4094
2633 31
5494 3680
9654 5015
5147 5662
6553 9225
7445 1784
7984 4860
7254 7414
7035 3730
898 1187
4317 1025
953 7524
2656 6791
6837 7272
2852 5668
7504 6197
9614 8849
1330 5828
3169 882
4809 6227
1289 7939
6100 5679
8483 3470
1659 8003
4023 1814
4177 4201
8068 209
7885 1507
5668 4960
2918 9557
1721 8020
3891 337
6040 6147
9059 5894
6611 5961
5556 5294
871 4720
3068 329
9350 8464
2970 7574
3361 6253
2520 2992
8667 1709
3981 4111
9914 755
6691 3914
6512 7572
6046 94
9200 9084
7139 3065
7947 2044
2335 6215
6100 5726
1474 2316
2683 7552
593 667
4665 8629
41 621
3611 1069
5716 8456
6681 9217
7761 6205
169 2471
9524 3041
4932 8280
5833 2050
6918 9998
3713 7862
2791 5892
554 3465
150 2285
4457 7776
4199 6025
8949 9033
7911 8852
9636 2956
677 9007
3456 8719
1261 3458
2163 288
4437 7516
408 5433
7147 7265
5408 9795
9217 4255
9501 8833
5718 1190
9160 6138
2925 1971
3999 2661
7460 9387
7133 7735
8719 8991
3914 9398
7972 8251
9484 8525
3579 5935
6855 8523
764 7882
6311 9928
6029 1776
3790 7182
908 5400
619 3028
7063 9894
9466 4531
4902 2039
1728 3538
906 7305
9669 3566
4593 8430
2591 4558
4696 2733
94 6710
5523 4981
7011 4693
8699 1660
4035 3957
2537 6790
5226 1546
1145 9059
8603 4863
8007 4968
8839 3152
4308 2932
1736 8164
524 8826
8574 2355
906 4359
4700 5321
4422 5810
824 1709
2440 2182
7308 6770
2959 8615
1492 8913
3575 3023
5602 2174
531 1381
8059 5320
9146 9769
4210 8468
1763 9402
3403 2583
2912 4213
8103 1969
7822 9232
7316 4949
9650 2007
987 3373
2810 8641
4201 7254
4684 581
61 6888
5592 8302
7930 1156
7470 3202
9339 7323
4898 9637
7338 4652
8310 4844
6306 1408
8064 5740
8326 2398
9829 8013
9096 2138
6257 4784
1059 6896
7285 9209
3944 7430
1537 7822
3222 3064
4345 9182
5124 6874
3606 5413
2819 1255
3396 2644
2099 2888
6592 9969
6495 6231
2023 5610
1132 5038
8736 3239
1845 2157
9732 1013
1046 8837
311 867
4705 6151
1530 5787
5400 2791
7644 8402
4876 5408
7473 5049
5774 7
3568 5698
6290 5466
9755 1568
3415 3121
7197 9121
61 9639
1476 1182
8954 3856
8326 3453
1424 2144
3663 7308
2427 996
4343 7942
4023 9991
9653 231
8329 3067
9997 3369
7532 1143
8445 9338
2917 4493
2853 9593
7083 9013
1122 8928
3509 6554
9829 5448
5478 5807
6938 808
1977 6898
2608 5433
1658 9792
8171 9305
7190 3921
2337 91
1414 3981
5355 6868
3607 4793
6420 9509
8811 6315
6985 934
5774 8415
2773 1829
9293 3856
289 5205
922 7112
9402 1213
7970 6045
2186 1013
4419 3335
9630 2152
9038 4545
2014 6934
5282 173
5860 9542
4817 9737
145 7306
1490 6946
7189 6445
5395 6376
9073 2836
7322 3695
8747 3949
2332 3471
6091 8934
7431 837
3109 25
2427 5918
9152 9956
4910 2779
6630 6819
2 7917
7 16
3046 6784
6047 8276
8691 733
1247 3535
3010 875
3218 2517
6205 9822
6317 1170
2201 7070
8326 5885
8062 8858
4126 9322
465 8725
4419 8062
8740 728
2356 3852
3934 3293
8633 188
1239 8000
6059 1203
8688 4274
7936 388
8538 7917
640 2555
8983 8647
9766 3610
2900 9473
861 9214
7269 8573
401 5215
1528 2573
9915 9863
5720 8673
6413 204
9529 1857
5216 2879
1503 2640
7059 2515
3669 188
9993 9343
516 5502
7971 1299
2903 9380
2276 4923
6822 313
8973 3585
4144 8174
5395 1305
7501 559
1405 5250
4251 25
6578 314
5147 2073
2783 4717
401 563
377 224
102 95
460 169
417 115
460 619
206 589
777 624
580 161
287 628
789 179
642 716
586 255
344 798
199 793
627 143
234 641
92 381
233 618
315 2
788 57
403 721
501 261
356 414
386 669
760 732
243 585
607 285
168 392
752 392
371 272
418 420
337 72
574 781
795 279
790 86
123 833
841 353
712 848
341 242
145 464
629 673
279 659
783 458
215 672
46 351
427 10
469 259
409 408
247 319
221 492
796 389
816 547
785 327
657 524
3 88
520 358
752 585
421 390
12 713
130 480
507 505
525 622
572 477
579 873
569 13
496 179
189 746
699 283
804 343
220 51
17 588
423 757
803 727
226 124
64 479
131 594
487 272
74 682
33 265
547 608
521 232
89 793
1 165
120 816
346 331
653 528
124 363
803 116
123 626
27 704
88 767
449 780
596 68
770 725
816 871
643 79
727 597
734 125
859 11
486 303
494 560
401 474
759 595
177 564
511 66
120 216
211 499
511 795
197 300
176 800
345 91
819 239
578 813
257 322
604 667
334 366
755 620
229 776
150 84
719 717
350 774
727 411
803 495
559 452
634 640
825 197
29 742
270 438
405 660
161 267
2 486
218 543
799 290
138 343
858 422
780 820
396 747
67 835
643 642
325 259
330 367
168 158
579 31
589 846
73 736
873 192
71 640
561 365
270 464
517 553
394 52
554 178
214 190
94 750
805 129
313 820
374 858
583 613
809 662
115 368
312 772
172 442
507 390
746 443
868 549
538 764
828 453
32 702
506 667
379 519
687 815
10 617
86 466
250 810
760 859
154 12
644 363
716 855
199 165
281 422
237 466
670 278
400 592
465 751
177 659
76 519
873 284
105 696
71 634
143 813
704 385
206 789
22 204
705 771
273 118
191 546
310 461
565 478
39 721
404 167
450 278
683 435
47 504
101 45
8 483
778 387
772 820
400 89
48 648
693 666
384 407
693 546
763 580
45 609
390 25
739 282
792 177
219 625
124 249
735 731
432 308
526 441
776 31
628 264
248 663
523 320
854 722
102 150
402 537
577 636
272 120
750 191
750 478
863 189
8 502
873 473
38 38
445 616
727 310
30 284
467 351 1
381 221 1
271 182 1
299 310 1
103 175 1
79 490 1
239 817 1
521 51 1
432 57 1
350 440 1
759 615 1
20 586 1
558 236 1
768 866 1
340 717 1
229 192 1
116 399 1
507 80 1
C349 87 1
C728 381 1
C487 453 1
C820 24 1
C400 753 1
C67 399 1
C223 186 1
C686 152 1
C122 622 1
C277 714 1
C746 765 1
C156 86 1
C405 792 1
C409 234 1
C776 278 1
C298 582 1
C763 517 1
C61 786 1
C565 790 1

