Case1
885 290 0 45
3377 8701
7602 5586
2661 6058
2714 452
8203 3989
8243 9100
9698 2596
4656 407
1276 8984
7065 2725
2563 7217
1178 1071
4274 6426
1499 2473
4154 4559
4058 6703
3977 9889
5967 5701
5949 2320
1928 1309
7355 1772
3447 7597
5570 1487
9942 994
1681 9978
2230 8784
9846 6496
7915 4005
1270 1423
5084 2818
6237 4766
5452 8504
4925 3068
559 4869
7977 7501
4988 611
724 3597
8661 5386
767 6186
6268 7760
7229 1450
5608 5021
1397 1680
8202 4891
2717 7343
4924 9609
1121 5332
6607 3537
6548 1948
4559 6495
9162 4024
8780 6340
9262 1910
2288 5988
4174 3563
8403 2014
501 9841
4118 4241
4038 7329
6745 8338
6383 6469
2903 6335
6820 9600
8638 3163
390 5623
6927 873
8256 5460
4210 6025
4412 5171
652 9856
3617 1713
9845 5362
9014 9632
2382 130
4296 5713
4342 8903
4560 2576
6053 5221
1973 1515
8773 7241
7265 9515
6876 8797
5717 5284
978 3164
6795 4420
3078 3604
9862 4346
8217 1743
4518 5550
8442 2113
3023 6829
3914 8752
3992 8741
2889 7704
1091 1269
7008 7427
7811 8826
826 7656
9572 8139
4854 6137
7388 2352
9484 1738
3101 7666
3173 1976
4807 7259
1965 2698
2515 903
9024 7831
8310 7670
2254 7417
2301 3427
5256 2958
5553 4480
1875 44
3791 3590
7451 9620
1207 4891
466 886
1954 9757
6798 793
8025 6557
4965 7340
6136 3409
4904 6527
2960 4521
4648 5661
7589 7564
8995 8952
2457 1577
1753 4862
9157 2391
8503 8503
3488 5258
9893 6521
4959 2468
6503 6388
9472 7079
5008 6786
426 2566
1984 839
2639 2224
6074 9390
5541 1400
1421 7189
6985 333
5292 921
6630 5238
639 4309
8371 548
9984 2191
4566 5803
430 2454
911 6486
930 1935
9735 9363
1913 39
1222 9306
4370 1681
6596 6438
99 9407
4652 9534
7385 3045
3221 4032
6662 4104
75 800
8904 1254
3635 4795
5355 2723
2376 1170
1048 1188
3328 53
6087 6843
4199 209
8049 4725
781 6095
6112 3095
1086 2474
2450 674
359 5638
9318 1916
6591 568
850 1097
4423 8903
7079 8012
6477 3448
3875 302
5014 1179
6672 72
3600 8119
7638 5294
7962 6336
5710 9780
7580 5414
6397 8971
4762 8147
3574 2653
5850 2996
8640 9874
85 3884
3337 5757
5204 1257
1327 4745
5260 7070
133 9823
5433 280
9515 2722
579 8814
4461 5820
9152 8522
1080 2420
1801 9632
1397 8517
4416 6388
8795 5722
8668 6190
9199 2059
9241 357
4443 4546
5812 9857
3257 5129
9612 5824
2244 9391
8904 6496
3906 5695
5099 9320
1272 936
1377 9410
9027 7916
8662 3280
9134 8505
9597 9846
4960 6225
9764 9022
1594 1652
6815 1983
1677 4132
2389 6087
5421 3697
8772 1808
702 7797
2057 8634
4123 8463
6283 1800
6747 6890
8453 2016
8858 4029
2678 5833
6552 7806
2756 5239
9197 9782
6429 1211
900 6745
1286 7436
1001 5542
1830 7265
8279 2721
9555 9040
1119 4079
3076 2389
1167 3016
3327 816
1141 780
9590 3978
8440 6140
5807 6411
4926 6776
2952 8137
9833 9818
2529 6588
7145 4301
8287 8601
984 4060
8070 5812
2552 5603
5450 6783
9998 1833
1177 4351
8215 9148
7877 7339
9020 2393
7424 1546
3428 9453
9437 6192
6804 4804
976 8435
4553 9309
2145 411
739 1689
9591 369
4477 5692
95 1868
9319 5752
9436 2812
8956 3152
7442 9082
8522 4101
8837 5958
4535 962
809 4163
8092 7927
2549 6362
5303 2832
8959 4286
6185 7563
665 6221
8179 451
5080 9581
3363 5475
8750 3486
8979 4677
9546 1873
9411 2207
8303 8466
3975 639
3491 1193
8950 2844
9168 5076
4190 5553
6066 9440
4333 4001
7965 7418
2133 532
707 3151
6786 3908
9169 4829
3217 198
8293 9765
9285 608
7919 1087
6585 6356
7515 4296
7132 5818
6181 5922
2562 4545
5340 5852
4718 4484
6336 9495
6469 4741
2894 5877
9446 2582
8822 3031
1019 7
4634 2571
6278 8191
2923 1239
2028 9376
1145 8366
8917 3376
2297 4707
4659 3752
8431 9899
6049 6942
9358 2923
9933 6138
9036 2376
3672 566
5104 1097
3728 9945
2857 2762
6959 3374
3501 6431
3001 1706
8000 8685
7635 2479
2015 2024
6453 6968
4510 2488
5354 9545
2403 9054
9352 642
6372 2348
4051 5882
8355 414
4773 5625
9580 4845
6731 1153
9098 1467
5951 5955
6663 5933
4690 3191
559 6075
6979 3311
516 9697
9638 8995
8188 8567
1594 8137
2865 6833
9692 9421
8038 4826
2261 9169
5242 7248
2734 2635
5218 8141
4285 7681
2811 3701
3091 3838
1307 7987
2182 5210
3895 5901
24 1317
4834 2415
8036 6071
560 6972
9005 1362
1428 7204
4057 8429
8110 6705
9245 7087
2737 7431
4085 248
3828 8497
3473 8680
5723 9642
1248 8876
7847 9414
8418 5152
6423 5280
1519 5562
1458 5269
6979 88
4789 8519
5378 8719
755 5142
5575 6467
9708 4199
2321 2181
5926 2257
2621 8072
5791 3995
5447 7280
9072 621
6640 7542
6051 1506
5821 2
5886 9346
4956 3597
7055 9416
8878 7043
9063 9063
6475 2477
5662 4392
7566 7017
3762 7358
4502 1136
8943 7899
9465 5641
8009 2614
8093 2227
1391 3562
7608 6162
3364 8206
2906 3422
6016 4283
7237 8823
3717 1429
5032 6094
8423 4733
3200 5655
2560 4119
3781 922
5493 7421
5245 9393
1586 4325
1900 435
2744 2977
907 7789
5974 992
4200 1047
6993 7827
8249 7127
4199 6051
8072 9617
3410 4920
3135 1218
2729 821
1856 2077
8569 5674
8328 4669
8461 6159
9563 4171
3598 3793
4067 1715
4231 8250
2890 6823
4028 4143
2407 4400
5277 4468
4057 1202
5445 2326
20 6402
6984 6212
5378 1008
6544 3129
6687 1283
6765 8136
4106 2006
3683 8511
9215 6462
5451 5681
3482 1381
3557 8289
2998 6691
6008 5334
3489 1915
3057 9194
5955 3327
9958 4515
7275 8552
7965 447
2064 8201
4349 517
1734 7377
4533 6539
4226 3341
4621 407
3211 9554
598 355
8682 378
1223 6304
1809 5256
5295 2332
5706 5897
332 2940
281 5137
8990 3794
3811 1523
1526 6946
5976 9366
7534 5139
7186 56
7767 9733
6817 6785
7430 2039
8586 1404
5528 8417
4799 9216
1024 5317
2415 4644
5446 1696
2963 8454
3314 2666
5228 4964
6318 79
4337 6000
4487 2874
3350 6812
7823 2394
3819 8050
4775 5716
9889 7001
9795 2981
6477 804
744 3184
5819 4092
8420 6496
8239 3618
4607 210
2395 2829
2194 9725
7452 39
664 5554
4608 4913
3000 2334
8294 9272
5480 6014
7912 9916
154 961
9505 3102
889 9633
2953 2604
7776 3569
4409 5837
1439 6051
5520 5491
8322 3472
731 7268
362 4685
1448 7869
7659 4949
1149 1233
697 3880
8705 5143
9496 4859
8082 4796
634 6713
1371 4738
9553 7172
8683 5575
4714 1606
2766 7374
2308 9832
8518 7283
4963 8418
7420 4998
5674 5855
4898 5999
8568 3160
4133 9154
1452 3099
3350 2219
1203 7033
4858 6097
1927 9596
3196 6223
7606 7915
6599 7428
5441 3866
727 6791
3486 4991
6092 7530
6306 2145
935 5825
5402 9667
9469 1621
6906 6918
1293 3895
7679 8452
1638 689
2337 3676
3547 4258
7983 5956
2617 2106
438 5327
2009 5392
5648 8681
523 7210
2569 6153
9315 4579
9362 2751
3472 9652
2971 9743
3137 7577
3301 1275
5091 774
7092 7807
9815 1917
3344 9472
894 847
1690 9292
3390 3878
7421 8248
5221 7404
2101 1706
1021 1656
6641 9377
988 4510
4496 9079
8247 9788
6284 7956
6967 9223
3498 3442
82 2356
8251 291
9817 4053
8000 9291
6427 5016
9083 7886
603 6699
533 2893
2748 8391
149 693
8030 851
8055 895
9533 7866
9114 5290
3093 4364
4479 5115
6472 7320
4256 6150
2417 3564
7833 2950
9857 6846
5780 667
9963 5007
7358 5316
4172 6980
692 1104
9363 8450
8439 6509
1347 4500
359 9112
1594 7345
5690 2940
3660 7309
2336 1014
5220 5642
7059 125
8748 8468
582 4491
8931 2171
4297 9855
7729 1893
653 9844
8601 6422
7655 1968
9888 4773
8980 1496
3598 1981
5137 7630
9910 4241
7827 7904
9574 6445
9195 3530
6148 8335
38 528
7439 9069
6176 8928
888 3789
173 5047
785 9962
6418 9940
6090 5705
1128 449
6456 7109
5303 7996
591 6623
7849 4212
5489 6
8151 1877
7239 5041
2233 4173
4181 1209
4286 5248
930 5935
5837 320
7483 9566
8145 4091
1040 8291
9461 2113
9448 1442
7759 966
4213 7210
1242 9529
7978 8719
3473 5512
5981 617
7346 8487
3580 4848
2257 3086
2219 3121
1850 3820
4363 2761
5448 5977
3867 2042
4942 5457
2000 923
286 4094
939 3177
1000 5965
5894 6303
8091 4545
4270 6319
702 144
5246 5579
4429 2025
5979 3074
3724 9817
1292 8337
9132 4423
2141 2029
1151 9476
4400 8577
6497 561
3623 8786
9197 971
3264 3295
8555 9489
3581 915
8338 7888
5941 9446
6716 3228
2571 377
4455 2772
4923 3069
9682 7413
4781 8423
1090 2889
1001 6866
7952 6698
1328 544
4422 2664
3134 5019
7787 4391
9125 1486
5049 3465
4044 6543
9978 8192
6268 2882
3207 3909
3775 951
1264 6469
7452 8532
6492 6339
5946 2542
8778 1983
5354 4878
1709 7644
3900 2071
322 2472
6493 6709
4952 5084
6509 7117
5889 6
2527 629
6494 289
5831 4922
8221 3541
462 1347
9620 7085
1369 3999
2789 1561
7760 8295
4972 1320
8150 3291
51 4257
813 2647
4538 3355
8334 174
5311 7121
7769 7262
1860 6377
8618 1096
4054 387
9169 4583
7583 6201
8120 1130
3109 1245
2396 50
1932 733
3998 1248
469 8212
8397 1048
8234 9742
4518 4583
9156 9595
1651 3939
4062 8117
1798 5490
2934 464
6874 4216
9138 8276
8965 7678
4282 5035
8423 7316
1552 9877
8928 212
7415 3875
888 130
6453 7505
4528 2672
1756 7864
1844 5758
3752 9506
2260 3249
3681 3306
228 6527
3995 3607
4310 6088
6899 5118
6338 2840
3968 7518
6126 6641
4316 7499
1918 7873
6157 5155
9261 6343
6740 3999
1307 663
8657 1665
1700 382
6267 1412
7130 2641
4630 2900
409 4864
4714 4387
6505 5119
2917 7523
3322 2148
9937 177
6252 7808
3908 2393
504 5667
5394 5465
8062 869
7261 4410
882 191
394 722
724 774
243 672
629 696
822 324
432 858
200 781
563 66
511 285
153 302
538 834
796 603
425 656
336 584
446 650
773 146
86 366
826 206
268 855
821 653
376 285
130 663
630 78
752 775
227 85
226 317
779 95
253 688
631 825
561 645
37 586
299 260
783 253
860 681
475 81
56 89
593 187
634 89
668 2
114 432
203 535
149 434
664 614
610 467
13 447
269 27
574 70
826 378
416 89
350 7
307 807
146 540
324 106
364 16
152 240
114 492
423 426
343 796
123 26
175 781
57 466
113 507
563 446
129 101
697 869
253 74
469 279
473 423
250 403
295 96
672 705
300 867
630 165
275 105
326 167
566 142
373 205
275 857
659 7
751 504
182 397
544 418
84 220
464 598
94 221
857 700
347 545
636 715
456 881
448 41
140 837
292 417
774 777
391 445
42 485
371 668
173 242
594 196
702 3
508 110
200 375
287 467
201 706
876 223
864 698
478 465
616 307
803 119
256 92
168 305
202 89
369 610
197 308
815 687
589 515
501 388
334 677
154 291
670 868
261 416
385 645
336 367
112 316
686 481
386 714
373 473
292 662
666 833
456 10
302 884
330 573
177 51
807 306
248 148
242 62
415 618
690 723
51 289
528 823
846 377
796 738
67 802
77 435
70 356
655 90
374 406
37 23
213 602
698 250
840 327
815 562
727 51
1 124
187 5
492 185
751 206
319 280
473 496
702 679
212 118
26 59
57 554
346 681
492 849
652 85
476 330
843 105
868 655
588 448
730 100
543 38
371 608
9 218
335 351
799 780
445 669
348 395
240 262
521 730
247 653
660 152
307 108
426 453
653 370
645 578
11 562
788 785
646 598
808 735
37 484
677 288
4 844
348 471
527 655
498 155
106 543
206 105
688 413
509 512
284 98
30 681
458 680
472 569
332 781
883 283
644 460
625 552
750 861
774 322
652 447
517 407
424 392
277 590
652 154
514 657
871 581
541 47
440 745
691 837
401 473
2 774
845 669
602 452
28 52
846 846
216 526
279 7
108 721
221 99
69 308
1 660
402 356
391 338
42 26
205 495
119 306
712 235
485 840
790 292
531 847
714 724
827 271
261 586
652 815
61 868
381 283
603 18
190 489
116 622
750 128
832 322
38 117
298 666
332 719
68 46
247 281
29 458
367 378
704 79
537 294
322 351
566 497
244 534
333 559
829 738
87 446
287 696
822 70
808 462
101 14
5 330
783 876
463 190
25 385
362 751
760 767
417 141
161 800
518 384
698 748
617 396
142 563
525 461
378 476
270 147
381 31
465 9
673 69
44 468
809 212 1
155 152 1
117 741 1
602 303 1
106 771 1
735 849 1
267 474 1
824 778 1
111 1 1
706 418 1
203 549 1
137 73 1
536 134 1
707 252 1
601 650 1
382 630 1
527 234 1
651 121 1
407 722 1
375 337 1
281 758 1
266 108 1
C807 270 1
C23 299 1
C579 24 1
C210 464 1
C177 588 1
C571 840 1
C620 398 1
C682 292 1
C11 551 1
C284 572 1
C713 484 1
C675 372 1
C774 633 1
C455 478 1
C485 708 1
C408 760 1
C680 2 1
C217 164 1
C556 4 1
C780 191 1
C81 686 1
C513 20 1
C248 81 1

Case2
885 290 0 45
8222 5672
8972 9515
9363 1223
6357 5410
411 3180
3504 8764
110 6506
8918 5887
2516 5220
6062 6588
3599 2288
1991 9693
9629 9175
7766 2134
1631 534
1702 9663
706 4765
2151 3875
2244 1700
9953 7277
3241 4588
1946 5281
5769 4698
6038 1716
1429 3360
5145 2270
6137 8093
2105 8519
1939 6546
90 3722
2756 4456
3422 395
3874 1534
1802 8837
845 2273
6937 5214
2045 7018
4266 7640
535 2339
4112 8711
5138 8746
5924 3410
7634 8041
6499 1970
2893 2319
8081 8336
1365 1445
5032 6192
8882 6181
8456 6168
6967 9613
6525 9810
8001 470
4615 8173
3471 8038
3337 5479
267 9913
4499 1179
9548 643
4697 6991
5029 1395
3772 8984
2730 8242
645 8636
2184 9407
2240 935
9906 9856
2090 2064
9524 4986
4032 3964
9400 3852
2934 8189
7771 6375
8797 6851
7515 8262
2769 4148
7461 2001
3631 8036
4880 2230
1097 7896
4217 8990
7969 740
451 2994
6562 5434
1566 2838
6149 1696
3523 5310
7172 8238
2861 6443
4912 2280
6598 2738
9983 918
6435 9132
5513 3329
4471 2705
1222 1640
575 8857
2723 7438
7377 9758
330 363
7432 3230
5410 5010
8545 3913
3894 2418
7440 7550
5940 2882
9031 3534
7948 7479
8387 498
8125 6771
5159 4628
9629 6452
5702 652
5949 1370
6436 998
1643 1335
3077 9494
7780 4356
4287 2148
5544 5583
5031 9072
3318 3110
4460 8366
2275 5002
5497 4978
2993 5443
8461 4889
975 1744
9060 7813
2036 8098
1855 9578
9508 6409
3920 8788
3958 9347
9808 996
2689 5811
8211 7648
664 4436
2691 6335
6720 6443
3747 3558
8922 5201
7131 1062
748 6180
3821 2137
5411 7623
329 4747
9090 9259
4146 4291
5093 3611
8024 9943
50 2074
8543 5007
111 5824
8932 3566
9836 9831
3478 2785
8956 6786
1027 2672
2530 6582
8047 2865
8124 6118
7514 9039
9619 3716
8515 9906
995 2149
2827 9487
5021 4405
9006 8288
1146 6715
1534 1342
4123 4060
2445 712
9846 4420
5482 4946
7783 9354
8368 8241
9937 159
7023 7643
4781 813
6669 7446
846 1182
8704 6153
8697 6557
8926 2860
1951 2501
2245 6736
7682 7186
1378 5347
4011 6915
2166 5080
8118 4396
6166 9589
907 3451
1916 300
5626 8323
9936 6346
6417 511
2856 9997
9400 1176
1410 7651
3238 2506
8942 5749
8359 7207
2031 5595
4000 1271
2465 995
74 1517
6255 7891
6484 6056
8703 5682
5962 2793
637 5849
7776 8367
9819 4620
8706 7468
3279 2959
4585 462
882 8943
402 5363
7747 4710
9457 8787
3344 2599
2394 9356
8067 2849
5090 6121
3827 8275
261 4102
3900 9708
1504 8762
8580 9677
9965 1355
7494 786
3279 7492
6448 9577
3609 1921
6508 6243
6579 3656
5718 5545
5796 6791
9327 4467
8208 4111
2665 7767
4058 2485
1954 3380
1411 1348
2196 5882
9333 8155
8091 7654
5652 7581
3386 4240
4973 4475
6495 2486
86 4077
5318 7490
5251 6864
2240 7117
2975 9532
1023 932
6847 8083
944 3729
1741 3770
9919 2528
9292 7735
7613 9928
913 5563
1556 5987
2841 8724
4147 5422
7678 5851
6067 6858
4759 3189
2171 6111
7265 161
9127 6017
7488 2980
239 1218
2890 6514
1808 7485
4678 2185
7042 1638
7498 7594
8174 9975
3560 1772
4710 167
7002 8489
5944 4097
4624 8874
8828 6780
7277 3779
8113 9621
2102 5750
4233 4609
9621 266
5853 9717
1207 5983
8229 4805
1895 4132
5551 1594
626 7920
5302 927
5109 3814
5351 5441
1229 7931
9938 6037
7628 2391
9034 6085
4475 8491
6652 8157
1767 5763
7589 4291
6499 8658
8828 2256
9993 5416
1345 7107
6341 6951
463 9436
426 7067
7990 9166
9313 9197
7435 6457
3933 8965
4339 9374
8958 6369
7366 1311
7461 6147
2223 9886
3601 9959
9723 2955
908 9445
1305 6778
5953 4924
218 5905
7212 505
4224 4352
6741 2750
6140 2845
7901 6649
1881 7464
5863 9660
1692 912
8830 1820
9245 8800
7020 7519
4965 9817
3335 2453
4505 513
4314 7467
628 2475
2521 9512
6951 2147
1786 8822
4942 1310
4915 508
1399 9225
9370 8290
2200 5886
219 7794
9552 9464
1239 7023
4202 35
4373 1893
1100 5995
5032 5563
6849 9159
5667 1193
9972 9520
2903 9215
478 835
4129 1753
3522 3806
7922 8874
3022 4442
8906 3548
5064 1450
1750 4871
7607 7905
871 1912
2564 9311
2112 3847
8689 2288
188 5488
8859 5521
1000 1219
3318 7355
1046 4462
1254 2519
7129 4262
6656 3773
8303 5381
849 2983
8575 3348
3316 138
3263 1329
4434 8094
4117 1392
8663 5466
8308 8768
4325 47
4220 4031
6645 319
2613 4815
3978 3229
5167 5576
3274 2251
3682 1262
9736 945
2292 8288
7354 3696
1904 4115
1558 7156
810 5004
2553 3006
7895 9940
8096 5098
5209 7662
7435 1775
4807 2818
3942 7229
677 6750
2530 4123
379 8190
9433 3390
2562 9237
6069 6101
5914 2373
5834 6623
2313 5009
2461 5888
1931 9055
1271 8535
897 4362
141 7932
2720 6539
5256 8633
3168 1576
7866 6710
4513 2039
2154 4552
9154 2124
1064 8268
4508 1811
6460 2569
746 3547
2367 198
474 8404
5206 340
4773 2531
2875 3235
3153 8826
5388 6259
5916 3241
3313 102
6192 9922
6733 2355
5468 4427
6631 9819
840 9731
2670 150
4390 5362
6187 8084
5116 6128
4867 1382
1657 3137
6088 6943
9697 6545
9157 8012
1364 6369
2808 9362
5234 5033
3240 8423
4564 2834
9675 6911
8338 5491
8990 9241
4326 1093
8326 1192
5949 2319
4710 4669
4979 8633
3750 2191
325 2302
5223 7769
9024 1562
1993 9212
9373 4010
108 588
7686 3412
2152 2556
9543 3503
2968 2568
3595 3066
6740 6623
1028 7622
7048 9111
6552 4367
7037 7573
7481 8676
5089 4764
5873 2441
2524 1239
4974 6784
3747 7905
5284 4275
6002 9445
7445 8696
5431 6345
8841 3583
8487 5376
8335 4342
2916 5778
8848 2507
506 1204
663 4944
4589 5476
9261 5188
8878 3593
249 8934
661 8153
546 746
573 5264
9324 4501
3219 3409
4465 5715
7788 3295
237 43
5446 6666
9773 8452
784 7304
1516 6312
7884 8007
2305 584
7657 3176
968 6536
2074 7853
5418 3028
2563 526
3087 3330
4437 8854
9276 6592
6580 4520
457 3658
5731 5947
9946 9745
7745 5256
1416 5642
3955 8975
1791 8557
9399 348
8669 3525
1044 4772
9131 6363
8441 8887
6103 9556
6196 8162
5638 3193
7579 7428
3530 4084
1198 3738
2466 7498
8188 1190
1562 7682
5603 2890
8577 5212
2881 6119
1371 1543
2083 2939
9227 3705
9386 9967
6544 4981
4853 7845
1124 640
9826 3084
6766 1293
6477 2355
5200 297
2027 2052
5559 5792
932 4046
488 2382
1930 1846
6795 2291
3277 148
5084 881
8716 4678
7222 6831
8763 8576
2667 2987
6754 6192
4718 9933
6764 5073
5546 628
969 2175
4509 1176
7356 903
7723 9665
4722 1436
8067 2388
904 7973
3942 4263
1819 3040
1927 8221
3516 821
3204 6510
6740 8534
6142 5428
3698 7390
7714 3788
9694 2348
4599 4608
8081 2971
748 8965
5598 6038
1935 718
6557 4272
9428 926
8589 4511
4264 1139
9690 2981
834 5500
6162 4922
3457 2589
3728 780
2501 9299
9537 1397
7189 660
1108 195
706 1531
9361 1240
9484 8290
6756 8204
2577 1320
8350 799
8993 1926
3081 2018
463 553
4954 1647
4714 6710
8980 8963
9570 4828
4671 249
1395 4435
724 4843
2307 7505
8092 6770
9344 586
5074 7733
5368 4433
7294 1193
5864 9250
7463 6597
7959 9363
4667 7423
8053 7177
625 6652
2215 2602
790 8510
9187 787
1497 5883
9236 7954
450 8689
3406 2419
6752 9642
6738 5460
8411 382
5956 4588
9821 2717
6797 7
9022 6834
8670 3565
4755 822
4650 8325
6288 3530
2964 6060
4767 5878
2048 9418
3482 4092
5038 5284
5819 2037
1115 5966
3918 8779
517 5203
8100 1847
7214 6746
6966 6285
8278 4251
743 4468
1774 2590
5939 1987
5656 2306
7643 362
8574 944
6928 8305
9789 7211
4714 9365
9440 6553
194 5335
2300 9625
1447 1560
7858 8306
8233 2443
7070 7510
2120 2863
1450 4799
7086 3947
3299 4025
4498 9731
6815 3639
26 4577
8610 5119
6401 9916
2691 2027
5213 2876
9400 5623
2960 8669
9937 8676
1397 3194
8182 5120
9940 2317
9281 9580
8312 9443
130 7382
961 3623
349 2696
826 6285
3563 9674
8990 5836
7915 9063
8469 5914
1592 694
4922 4858
3870 392
4430 1078
4657 8467
8648 1440
5884 5695
632 7545
6175 1942
412 7807
6227 1946
7987 1626
6038 2632
2856 5638
6745 6371
3413 969
9175 5031
6557 4826
8441 340
7757 9249
8907 7147
4453 4901
6666 7467
1169 7936
7334 4899
2976 3562
5374 895
5088 817
7459 6705
258 9210
6429 7362
2385 9402
4296 7008
4265 6909
2442 8034
9814 9909
4673 71
6196 9685
4100 8690
9336 4978
7969 7803
7016 9571
5490 4266
7438 5789
2503 7906
7461 5325
3360 5315
4042 2723
4805 1155
4373 6225
8831 6411
5106 5267
1494 9070
8718 3853
2501 9043
5516 4290
5995 5784
3130 6294
6450 4036
1376 2387
4809 404
9348 1651
9093 1042
3293 424
579 8642
8372 304
1376 5128
4762 980
1666 4992
8727 7809
5299 3011
2251 1816
466 9290
643 2864
8208 3985
6084 5067
5195 3883
6546 7263
8875 3055
3728 298
2370 246
668 7226
3812 6345
9592 2104
9706 6313
3172 8048
4814 1300
7916 5401
1661 8308
6602 6464
1187 6730
7888 4093
2366 3385
5044 7645
2670 229
2552 1258
3133 1847
8824 6248
1485 3022
5639 1534
4310 236
110 3426
4536 4749
2901 8860
3677 9095
7268 4215
9196 3268
7069 5234
6132 1674
8309 2210
8687 6975
8017 8664
1874 2388
6299 950
5507 9706
2247 960
2825 6297
2075 3914
3895 750
8300 8551
9509 3406
2114 7561
4813 5019
7168 1960
3114 4084
1906 4305
9400 894
9348 2141
9981 4368
7700 4862
9402 5823
2608 4311
8208 2465
1946 1860
5542 2165
7083 2450
8646 224
315 9152
7296 8366
6790 143
4966 5872
622 3719
73 2959
9182 5908
61 6811
6522 9601
8262 1470
6819 3699
8484 3752
1317 5748
5117 8736
7784 1721
7154 9988
9747 2230
2981 1691
3916 5251
120 621
268 667
549 590
821 870
381 103
430 295
401 602
403 304
698 158
763 48
389 49
313 177
660 48
444 658
123 267
682 870
18 883
276 66
197 525
825 795
404 1
198 118
204 436
394 390
700 790
349 565
96 58
299 263
228 638
186 33
469 793
336 75
606 592
747 689
837 850
625 502
454 610
432 414
795 382
664 789
467 726
441 648
478 731
154 399
143 588
508 577
174 57
132 440
28 495
75 822
800 288
563 619
783 248
546 525
220 663
388 611
147 32
107 142
183 8
544 52
35 234
588 772
696 766
518 344
121 481
624 124
199 332
458 68
299 117
265 180
189 37
37 669
508 615
143 427
358 194
818 93
169 344
100 391
548 191
151 294
745 530
804 885
677 623
36 439
113 712
395 634
715 508
52 138
587 821
622 880
8 880
725 821
234 262
514 767
158 418
72 522
512 537
586 110
658 412
738 194
284 268
870 498
72 831
181 497
850 852
503 470
274 790
494 603
685 777
118 518
845 406
84 610
322 490
191 186
794 38
92 694
440 569
305 662
420 213
733 477
612 334
237 877
464 12
12 596
247 597
381 274
213 195
844 126
235 759
249 176
684 627
426 796
723 574
512 612
709 647
320 398
669 721
729 150
282 626
862 681
366 98
623 330
107 86
768 864
602 274
93 380
116 116
428 307
15 664
787 750
569 408
647 517
269 46
351 584
782 592
414 548
593 288
840 833
707 22
589 425
243 163
210 102
468 380
415 365
94 110
52 780
487 596
632 287
52 253
588 22
593 612
112 743
491 880
742 755
250 666
373 475
32 147
175 560
244 351
377 837
446 876
35 650
664 405
720 876
783 865
557 28
452 91
128 127
629 813
474 173
778 835
21 79
148 545
823 200
185 875
25 494
221 76
709 96
628 684
276 787
396 854
248 361
475 28
755 619
373 126
798 685
856 432
463 148
745 692
509 140
272 256
89 469
563 283
335 14
409 491
131 726
620 181
60 867
248 788
410 705
161 144
820 472
501 13
260 516
885 524
452 770
595 604
517 231
333 463
215 849
466 156
311 679
118 674
532 696
302 92
329 162
107 374
512 92
444 319
861 492
676 51
210 874
150 657
608 757
728 658
479 57
241 554
405 476
783 222
824 885
326 825
56 401
446 646
685 718
7 524
157 287
787 796
590 593
478 98
495 16
394 449
756 779
255 296
583 134
589 220
718 387
487 152
861 143
338 723
464 717
848 180
70 302
280 564
652 630
847 380
134 709
581 514
382 12
682 818
420 164
775 282
39 252
349 665
507 579
160 313
657 721
389 529
631 604
565 316
70 6
749 660 1
614 870 1
585 314 1
871 70 1
1 239 1
149 785 1
122 427 1
692 821 1
278 353 1
218 621 1
875 628 1
356 418 1
614 254 1
762 128 1
622 125 1
820 232 1
435 541 1
89 414 1
345 661 1
743 21 1
862 448 1
746 496 1
C793 305 1
C415 522 1
C849 84 1
C640 12 1
C300 673 1
C175 878 1
C872 318 1
C59 635 1
C330 348 1
C774 101 1
C192 207 1
C635 704 1
C453 238 1
C706 525 1
C771 309 1
C7 647 1
C627 116 1
C631 503 1
C846 290 1
C878 290 1
C687 511 1
C75 571 1
C137 565 1

