N=3-------
Case1
3 2 0 0
404 868
153 736
310 643
2 3
3 1
Case2
3 2 0 0
232 425
255 694
623 882
3 2
2 1
Case3
3 2 0 0
419 824
441 643
801 285
1 3
3 2
Case4
3 2 0 0
40 254
189 995
430 365
2 1
1 3
Case5
3 2 0 0
432 56
464 725
608 793
2 1
1 3
N=4-------
Case1
4 2 0 0
912 88
617 751
310 817
604 767
3 2
1 4
Case2
4 2 0 0
789 580
558 1000
906 924
464 12
4 3
2 1
Case3
4 2 0 0
900 645
321 374
665 835
434 991
1 3
4 2
Case4
4 2 0 0
161 171
444 337
988 570
641 32
2 3
1 4
Case5
4 2 0 0
279 541
275 758
159 710
719 333
3 2
4 1
