Case1
602 297 0 40
4783 4014
5449 3343
4960 4855
7543 686
7440 5397
9269 1299
4155 6027
9776 5157
5953 6377
2220 6335
7637 3277
6632 3019
3292 9487
3720 4448
5221 1184
8251 9498
3603 2023
2030 5342
5546 1594
763 3572
1588 6582
6083 5496
4913 3575
3923 7937
3543 3561
3054 5801
8591 9420
3084 7911
2304 9431
9529 8164
8073 1742
4639 4959
812 7035
6613 7990
258 9198
6519 3004
1525 6742
1841 1973
7035 875
7851 8163
1409 9713
3238 3096
6233 1893
4375 5108
4740 7082
3374 7251
7442 5239
8737 5690
8422 1351
3776 8405
8657 7404
7231 7996
7070 8759
2544 1725
2222 7826
7119 6512
7578 3942
521 6564
1073 4707
1118 6542
5389 669
3869 3733
8729 2233
8157 8563
7210 4923
3404 3971
9021 6725
1997 658
7379 9140
3540 7024
4045 1778
1843 9726
7633 8878
6202 3251
1294 4920
1510 4584
2483 5725
7536 2166
3459 823
6281 6676
4937 2704
7802 4840
6877 8617
9034 6519
9785 999
7271 9558
7092 3338
9751 6563
4189 9264
3494 2669
2523 4051
5013 3622
7790 9316
7793 9030
9696 3688
6569 6556
7058 4504
1313 8949
6023 8142
594 7346
1132 9540
3510 1064
8619 4646
1734 6239
8846 3063
8404 3056
110 1996
8536 4134
9191 6770
6459 4604
4929 7632
9363 7851
9936 7344
2444 9524
2054 9136
412 6467
1617 23
2115 6467
2702 176
9912 9382
6654 5066
3090 130
3902 3448
5115 9258
5780 906
7741 7362
1480 5620
1193 5526
6549 304
8477 5092
8389 1873
3626 6599
1123 8258
8267 9507
6885 24
8180 1473
3078 2987
1740 8357
5517 6807
5098 3865
5443 3765
4727 847
4404 1324
6590 4566
4714 1886
2593 1994
4790 3236
9213 162
8064 3569
213 878
1333 5697
5273 8798
3461 6074
8934 4701
8122 5601
9827 6133
4950 831
8386 3066
1888 6162
2380 7169
7791 9861
3491 9391
8397 9378
4918 2107
712 4285
9515 8869
480 8406
320 6891
4984 6209
516 4895
8708 2398
7811 1614
2542 7766
9059 8366
8153 8836
4508 2444
7897 3621
7506 6770
7246 887
4693 5235
1048 5710
3789 2484
7182 9857
900 1485
1130 1510
6967 2190
2863 5228
3421 9815
3019 9638
449 1824
8849 7377
7327 8610
1623 9040
3225 3963
6296 459
8620 8021
1089 605
1954 7092
9364 5541
3599 1958
8651 2442
9266 8625
2051 6492
8062 3259
5328 2644
6126 6130
8964 3686
5418 7688
8244 5818
8616 3652
5959 3057
5345 4935
1733 2165
1974 2551
9172 528
7066 7280
7021 408
7266 8775
3385 4380
3855 9071
2650 8349
8509 972
3217 572
7889 2707
429 7344
632 6378
3117 8579
7015 9269
4092 9502
1099 3851
4625 7754
7569 4457
410 8867
558 6021
1901 6792
9826 3035
4989 401
366 4922
8965 1297
5184 7395
7464 3040
7347 8049
4655 7027
6700 8449
3333 5613
8617 4240
3765 8814
7057 9488
2142 6924
1846 1307
5337 7747
577 6180
4258 3775
8812 9818
1594 1613
8392 8375
950 3226
2562 9957
3483 6169
8335 1868
5015 7873
1086 867
1303 7253
3708 798
1657 5442
2813 4396
1406 6303
7481 3843
1871 6485
1793 7650
2431 4305
1049 9869
3030 6461
2930 1279
7062 1707
9144 1203
3925 1001
94 2912
7777 4356
4994 5200
3975 5646
2486 7635
7573 7974
2347 7246
8828 3826
7091 9946
9135 6231
3448 887
7093 9405
7575 4094
8428 9944
4574 3239
5421 2547
2488 2222
1193 7442
3231 6332
1656 219
8114 2210
3328 8642
3617 7565
8299 5095
3808 9656
8601 7866
9445 4932
990 9169
207 888
9719 2945
5728 5189
9265 863
3128 6445
1187 649
3640 5608
9272 6914
8529 6910
4963 975
5040 2505
720 2822
6371 5536
2361 5339
5764 2192
2747 8172
3751 4566
8200 6213
9296 2517
5959 5590
126 4667
5663 8235
4903 5665
356 4652
18 9383
2848 3346
6853 5374
1376 4500
1016 9034
4485 4978
3807 4240
8778 1488
7453 960
4790 8842
9985 9264
5593 628
2594 5543
9953 356
2215 6310
6880 2127
4698 9900
1206 1243
9467 6649
491 6809
4789 3673
1977 345
3956 1229
4595 6708
6509 3842
5084 6194
5452 862
9171 9621
884 7937
8462 1368
2849 2967
1203 8912
1373 7608
385 1191
9643 8052
5811 2350
7037 6940
7681 1787
2385 1592
8027 6286
4180 2430
2880 5060
3737 9470
2455 3932
9336 4051
8821 614
4205 7627
546 9056
8915 9300
1641 7163
9180 9124
7700 8869
3400 4664
5678 8465
361 4237
4926 2397
6412 1402
6207 1326
3191 1777
2305 3123
1516 5065
8535 5714
4371 2288
3951 7197
2124 664
4405 9501
6092 6294
6719 988
2313 7906
9187 2903
6057 3244
7385 4288
8955 3399
5844 141
4912 9344
5511 7934
7974 9268
4138 8355
5178 4914
1737 7157
104 51
6063 6325
8292 4454
3722 4433
3992 2341
965 8028
8851 5065
4447 8133
6982 4043
6352 8581
7672 1412
133 5759
6467 2693
2838 2587
7757 7870
7477 3050
7130 4729
4231 7458
9771 1027
2439 2762
1931 146
6211 6710
6140 8219
5323 9387
7210 9441
9597 814
5353 233
9344 8626
4724 2255
6671 5610
594 8877
2444 2884
6012 9646
1530 834
9284 2547
4565 6594
6899 4383
7959 3800
2641 5490
5098 7638
2515 6197
773 5772
6876 8887
7758 3677
5676 1383
9147 1065
92 4455
2590 4666
3974 8690
2862 1420
1525 3723
7347 5337
3428 5881
4985 678
2204 8625
2949 3960
9057 3920
6933 7310
8634 1604
277 6146
5208 8156
4407 4829
3621 5876
8000 5003
1013 8445
5183 2629
819 9015
3675 1419
8814 2625
2206 2288
2109 5528
2859 769
5892 237
8006 6876
9422 6594
3426 4833
2396 5933
8870 3298
5078 7605
4851 206
778 4456
9781 233
7291 6705
4666 7012
4604 1638
3579 6682
9885 9962
6824 4177
7097 8302
331 8675
7869 1357
9188 90
2261 6499
5379 4188
2943 8250
9888 9899
3930 9987
7050 8788
5556 5473
4756 3262
597 3368
7502 7058
2603 3742
569 8841
6388 6800
2679 7336
2372 517
1344 4294
1003 5686
9862 9818
836 4008
7375 3111
4015 7276
3767 538
5901 3465
9282 2023
1335 8572
4712 6304
8696 1436
1766 5317
4236 2465
4776 8080
3526 6137
4313 4828
3753 1519
468 2904
574 4616
8562 6894
5837 1303
2865 6844
7960 9868
4575 77
5097 7698
8691 4039
2253 7561
736 9923
7491 5086
8331 9381
9055 543
4487 9557
4810 4845
9235 4854
7729 1793
3649 7414
6320 6043
5711 2088
6905 8978
549 5868
5391 2773
8563 6153
9839 6276
3673 7077
1495 5015
559 8136
1241 1648
4069 4809
392 2466
6222 6550
9676 193
6249 3559
7881 3229
6879 98
2116 6778
5784 8729
4953 1788
4490 6848
9788 3587
8348 4165
4709 3181
214 7331
6867 771
7413 5855
3876 2782
6175 1646
6164 845
347 3048
4300 3612
1425 3060
8377 6
5114 608
2238 5582
5584 3177
4019 2038
2326 8886
5824 3596
6104 6206
9631 2965
9860 9883
3544 3917
7665 2359
2360 7109
9769 1024
9089 718
436 192
243 242
436 142
512 217
528 532
71 354
311 437
389 280
310 22
538 577
231 515
458 54
501 260
253 223
243 576
503 232
452 210
44 157
326 293
309 104
426 4
241 166
602 63
479 170
43 112
586 262
286 100
232 206
123 567
72 159
426 378
375 489
107 493
280 530
157 191
541 20
406 364
316 382
571 533
121 547
144 102
285 188
166 27
187 237
424 315
366 327
58 413
553 520
418 271
601 373
241 142
221 54
83 435
582 461
43 47
387 100
205 453
230 359
575 484
101 80
497 222
372 478
418 487
147 21
597 356
247 336
134 175
555 445
317 566
133 338
529 61
137 33
519 599
160 590
479 255
61 300
267 105
151 357
460 544
384 80
592 169
550 292
223 568
486 228
306 413
247 58
243 27
311 69
594 416
139 24
133 576
77 427
47 371
197 80
179 379
86 288
208 234
298 39
128 209
431 92
571 445
419 164
257 362
183 270
107 464
87 215
111 234
440 93
97 526
561 2
103 162
456 357
289 167
64 104
580 596
214 148
591 410
543 437
335 222
68 321
321 344
85 581
81 269
371 194
310 26
190 591
442 438
534 384
519 457
420 476
180 52
57 108
128 531
124 513
542 288
244 479
76 412
554 178
433 373
346 128
33 299
315 194
164 330
439 17
310 203
7 74
443 362
245 69
133 344
431 499
458 167
198 381
24 341
108 151
26 433
335 517
115 595
290 379
580 414
280 448
590 140
306 222
537 493
133 289
295 144
558 346
289 223
145 205
249 485
176 522
451 258
251 349
215 191
133 57
51 300
434 386
400 561
44 312
377 553
317 106
272 149
177 363
381 130
106 139
333 547
381 348
19 114
3 141
215 432
250 340
401 188
326 115
308 149
580 531
588 591
198 452
29 338
218 277
352 35
89 62
502 539
34 379
207 49
229 301
111 477
407 5
350 107
482 346
96 375
191 155
406 229
353 358
410 134
358 67
83 181
335 108
411 421
459 374
283 289
577 93
30 426
286 176
557 376
454 336
355 191
440 72
515 351
22 483
414 347
354 340
229 512
155 501
219 521
209 569
369 476
101 404
534 104
99 116
447 104
112 38
16 171
30 457
561 578
481 540
535 442
252 442
307 211
113 310
81 139
583 158
243 265
398 220
169 193
65 568
286 147
467 547
36 129
4 545
601 514
441 467
282 481
194 526
544 355
433 319
318 354
371 389
246 252
488 320
299 343
123 480
572 490
3 364
429 18
320 537
42 406
581 400
93 214
145 551
312 8
572 424
469 516
127 95
241 44
157 322
181 159
593 570
227 523
369 106
124 205
20 143
53 552
405 168
9 325
184 252
544 344
44 378
531 49
86 304 1
509 517 1
301 275 1
41 490 1
462 596 1
578 544 1
254 358 1
120 566 1
174 453 1
497 5 1
176 485 1
384 67 1
393 485 1
314 381 1
395 582 1
264 546 1
582 155 1
95 311 1
28 255 1
208 589 1
C6 579 1
C140 296 1
C259 216 1
C299 521 1
C454 422 1
C10 353 1
C274 509 1
C293 210 1
C20 131 1
C422 558 1
C449 596 1
C429 409 1
C236 80 1
C4 332 1
C230 570 1
C561 498 1
C128 529 1
C14 322 1
C140 582 1
C142 215 1

Case2
602 297 0 40
358 3080
1896 9915
2269 1390
2211 2038
5279 2370
7948 4072
2741 8327
9087 9341
3077 515
1292 3112
4849 3628
7529 9452
8664 5053
4795 6290
9266 5970
1083 3348
1648 6559
3328 4161
8326 8162
532 469
977 1106
7556 4468
8623 8100
4071 2034
6202 9558
133 7915
1966 9078
4456 2102
9466 4368
4039 5135
50 1368
4085 8895
4814 7060
5284 8635
681 9503
1507 1427
3937 2024
4698 5998
5933 2144
5310 8993
9931 4831
6052 3150
5049 3987
3885 3523
3197 5684
210 8963
7480 1578
2043 7383
6075 1220
7568 4991
3880 7491
7944 1628
5290 287
3474 6635
5430 9757
6329 2261
3858 1876
3895 4506
4327 5968
6533 4535
6512 5879
1014 7298
806 3970
6247 7840
5265 9817
1024 9946
4528 3556
4502 6202
4224 7226
8812 3360
703 6073
9874 1953
5232 5846
6779 4532
3787 1363
2356 2592
8456 6287
7531 8289
4112 3948
9904 3384
4521 4331
2629 4500
5298 2863
3096 743
7287 2538
2179 7014
2793 2076
3933 3921
8874 9322
2433 3116
6408 882
7202 5062
1030 6145
1171 4808
2176 6203
5416 141
9461 6026
3074 5674
1414 1199
795 5846
195 8988
9804 9650
7310 7109
268 9920
9618 2638
2033 464
1909 7735
1959 5026
2244 8539
3152 3054
8845 8480
4157 8661
2867 7516
6856 729
9654 4356
222 4147
2140 9595
3376 4390
4053 3880
5433 268
7239 6709
1544 2579
6998 8268
4210 9564
1673 8853
6445 3660
7898 7831
8744 7830
867 6841
4864 3902
9836 16
2454 9869
2593 7343
3269 7777
9129 5978
4300 9028
3887 8344
5554 9238
8105 5095
2377 547
8515 5714
251 5292
6424 9379
7814 1289
1615 4037
9468 5631
8818 2140
2423 855
617 7367
4249 4626
9572 7875
6092 1651
4018 8072
3611 4469
6637 2740
2376 7930
2142 4442
6956 754
684 7576
3301 6355
6475 209
2107 4283
6989 7844
6817 3118
6666 1656
3688 5383
461 7442
2898 5165
6823 467
9067 9536
6716 5765
6767 5541
5170 2995
1595 5594
4483 9965
212 5425
3698 9105
3378 383
7266 6793
4479 7876
6897 6251
2277 5973
4545 956
707 824
1161 6968
408 8411
5425 9405
6402 9373
9000 418
3820 9205
37 3436
8898 9906
4612 1182
5620 3346
6585 3078
9309 1091
9975 937
7241 156
4353 614
2930 9285
2996 1199
5099 5754
5553 2705
4579 8373
1884 7790
2354 8427
1345 2990
9833 6617
2295 190
8005 699
9898 9609
5661 5522
6377 1446
8046 4381
6819 4535
6423 8266
5317 6797
5918 7395
836 4157
3687 7737
9483 1667
1963 3655
57 2994
886 6718
2761 2230
4125 9817
6663 4990
6252 5249
206 4152
4619 5140
399 9276
15 2715
582 7726
9795 3306
3707 9831
4363 4697
7913 38
2912 7441
3843 947
7107 7117
8641 7339
2082 2142
9845 2914
2550 2727
3491 3264
8058 8817
4695 4837
5536 7482
5643 1107
9146 3089
5533 4007
7137 6816
9315 764
2933 5593
7260 3732
2984 4389
5364 3552
7072 9925
7400 4039
7684 8324
2993 533
3841 4048
2564 2177
1335 2474
9176 2538
5719 3943
9363 2320
6586 2774
9903 2530
1683 784
5125 6383
7235 1194
9841 3483
6475 5437
6282 378
1840 2356
9517 7441
7547 6569
4749 3221
8314 329
1618 3915
6926 1151
5171 7384
7981 5663
521 8289
7711 8656
8383 3339
75 5191
1642 3390
7443 2717
8926 2183
164 9640
9715 9900
3061 6575
6989 3364
8447 6580
7598 3753
4681 1058
7605 6932
6439 8777
9706 1212
7920 6416
2473 2210
2996 451
6683 4753
6989 1783
2246 7328
3160 6518
393 5450
3292 8568
9642 6491
5808 2319
861 11
6740 6544
6223 4449
8578 3901
9237 3135
9526 3949
8203 31
1035 1379
3402 8342
4572 5373
9134 3193
9590 417
5319 2959
3383 3712
9805 2479
97 9367
1711 5416
538 5006
8241 2311
6656 2107
2194 5505
4528 7417
5113 2023
7559 9128
1448 790
7186 8166
2442 1054
1876 1876
4528 4817
6427 4691
5931 7210
2662 7935
6935 5278
9528 8839
3780 7414
5235 7040
3521 2827
6665 5360
7349 2857
1531 510
2854 3671
6950 8514
1493 2964
4004 9094
6130 1631
1675 3056
4948 5080
5031 6794
2235 7821
2014 8410
3606 9311
320 710
3071 8614
881 7305
2027 407
7297 9422
5727 5063
1192 2670
1058 1134
1916 4965
615 9430
5255 9083
1881 4009
9929 5941
7164 6998
2497 7540
9375 846
1019 1784
1171 3830
5288 4863
109 2016
6846 749
421 3625
5043 1516
2864 9828
6417 6627
7662 9352
3378 4124
1970 2951
4808 1761
2553 7819
5507 1479
6377 1293
3683 6380
6679 7842
5628 5342
9767 3251
4599 6795
8228 5171
6517 9794
9579 9736
8571 7497
5443 9851
8059 5462
5284 1902
7875 4698
446 4169
1941 7390
8783 1986
8566 1350
7535 1862
2237 7840
2251 9167
4678 6186
2551 1739
4104 7826
1309 4867
7606 1815
2431 1387
5321 3664
3850 4414
6613 9419
6529 9133
7905 7319
7386 4454
8969 79
3821 4901
9509 1854
263 8061
684 5293
2593 3166
6858 5756
4595 1931
1312 1682
1709 3631
5916 2434
1262 2599
8806 7476
5064 7816
6045 3683
9847 1058
2894 773
3319 2208
7855 8386
8826 7739
7968 2146
9533 1157
6982 267
3902 2225
8942 6606
7772 5153
8533 969
4808 4643
6069 2480
6318 2666
9395 7241
3434 8126
7194 7249
9566 6225
8168 3538
8645 4271
8412 2851
5209 5861
4919 3816
5619 6015
6608 5535
5835 5624
5511 8809
85 4816
9868 7763
6498 1301
7705 7579
277 1583
4221 2226
2407 30
8788 4626
1985 3251
7699 504
3303 4940
6938 6359
4547 9422
5189 1408
3641 514
1054 3191
8120 5977
48 6540
179 6823
6282 6080
5101 5094
977 3118
1061 3284
4962 8776
1041 3560
5094 6610
3018 5142
5222 9581
2897 3808
726 8189
5771 8291
1944 8907
4985 4589
5863 4580
5239 643
7333 1413
5476 690
769 325
9669 682
809 4029
8799 3619
5716 4996
5264 6377
456 3624
1785 7661
7326 408
440 111
751 649
3923 8227
9491 5375
288 7810
3795 7504
4558 1910
7352 8022
5352 2895
3780 2947
2407 158
5312 8228
1334 8282
6917 6319
5221 978
2557 5208
8818 2024
1550 7874
9963 5588
2066 7796
4601 4821
5679 4015
6339 9432
1584 7450
8773 22
1623 8715
9054 9469
7537 6528
4094 9302
57 4906
6609 2150
5355 6878
6822 9664
8129 2145
7037 8998
2206 6269
550 9958
8903 9327
3384 9206
577 2708
7186 7535
1847 3743
4325 1166
3723 9190
1653 8253
6597 272
7739 7348
6420 3900
9434 5451
4705 6996
7605 9426
7031 3434
8535 6094
6633 6013
7078 3092
9346 9048
0 4724
3682 771
3081 4449
5162 8495
3559 8402
7108 3676
277 2405
1115 8490
7502 8285
9138 275
4769 3991
5695 5317
4412 6029
3123 8821
371 1996
4954 3656
6831 5651
2544 6475
2822 6859
7877 6128
9466 4035
1106 5973
9770 7207
4875 8632
7048 5748
8641 9009
6897 5974
5407 8991
9435 306
46 5149
110 47
382 361
73 383
65 4
190 61
498 442
115 241
389 491
221 391
260 565
404 466
348 390
163 367
569 555
304 189
239 261
286 196
210 191
349 453
140 428
283 64
598 296
124 244
119 547
549 325
348 365
316 511
4 555
374 279
585 415
166 374
570 161
387 207
487 263
250 125
570 522
139 156
406 439
46 336
124 470
112 325
50 523
125 319
77 289
371 531
22 264
532 262
452 149
306 60
44 337
473 510
336 7
235 385
264 293
399 474
426 246
109 278
422 475
242 32
259 295
67 503
502 97
592 568
207 129
575 145
487 456
293 352
397 380
462 255
93 90
534 157
264 580
241 484
233 219
293 472
544 451
66 534
244 240
597 47
244 447
304 158
211 124
60 83
428 111
405 8
412 553
69 594
589 54
381 519
79 501
512 461
301 201
7 362
55 394
487 291
514 221
260 187
478 347
220 532
87 514
46 148
174 155
509 501
585 160
435 449
269 522
293 330
94 45
332 154
499 498
566 526
599 344
19 157
33 464
359 51
54 81
539 304
306 37
295 401
498 475
28 485
3 183
147 245
575 326
263 476
382 6
219 477
478 476
84 499
412 533
329 396
135 532
554 450
10 420
415 262
335 423
120 30
271 70
488 310
293 117
90 211
369 327
171 94
593 367
63 193
527 502
276 112
340 546
84 156
573 520
232 321
158 488
210 169
443 28
124 496
590 425
526 355
563 262
4 142
575 394
437 551
69 101
232 218
248 50
302 71
290 91
130 391
182 569
543 438
262 566
320 81
509 318
147 150
123 111
304 123
461 74
417 359
241 31
337 103
568 271
208 582
88 416
501 351
540 274
183 316
49 230
521 570
272 203
390 428
374 380
336 266
466 372
33 463
480 112
261 496
530 246
41 488
477 142
337 334
502 524
117 187
409 217
300 369
498 87
427 185
128 68
86 110
261 300
348 254
269 112
551 547
307 72
68 407
49 390
296 496
529 64
473 594
130 572
341 378
85 407
477 283
301 555
124 276
237 427
356 208
279 168
96 590
384 392
365 487
136 36
29 485
40 465
113 25
149 345
272 193
227 71
547 590
227 454
83 120
329 505
75 514
122 241
416 148
273 409
163 132
274 46
584 14
597 304
308 429
596 23
219 210
195 128
543 232
116 358
586 589
274 127
353 110
403 546
352 292
532 220
116 23
298 594
146 337
586 511
274 55
501 478
40 510
322 493
424 66
482 264
499 254
548 96
363 259
502 589
79 537
438 101
50 477
478 209
339 496
156 361
436 34
515 457
177 358
285 451
421 346
148 327
520 465
381 452
154 482
500 6
96 561
396 11
117 393
109 102
410 473
206 101
237 292
578 456 1
601 455 1
361 549 1
344 37 1
157 58 1
108 117 1
196 368 1
227 113 1
522 480 1
470 273 1
479 306 1
342 493 1
168 102 1
103 550 1
346 447 1
103 531 1
527 567 1
227 570 1
103 16 1
288 59 1
C398 134 1
C34 415 1
C350 205 1
C175 488 1
C265 382 1
C597 517 1
C102 406 1
C484 385 1
C225 360 1
C77 451 1
C407 104 1
C398 507 1
C318 98 1
C205 215 1
C27 447 1
C507 8 1
C586 327 1
C5 390 1
C505 139 1
C316 350 1

