Case1
351 313 0 54
1817 7285
8501 3467
4192 9681
3182 4242
8981 1673
8266 8385
3385 1708
1378 7237
8378 7800
9134 8013
5461 6318
2453 7071
816 6613
705 2386
910 3908
5302 9739
636 9000
9288 8379
2290 2238
624 1034
1310 961
3365 9977
2592 4116
2731 5578
9399 5148
7214 6308
5423 4413
3252 9410
9398 5328
5804 9673
779 4282
1149 9628
4524 2930
6664 8280
2723 2904
5968 7041
971 7213
6860 936
7731 9627
3725 321
5673 3213
5774 3402
5007 1852
7350 2621
123 4032
6821 8648
2567 6515
6108 4142
5281 6589
3790 5723
5355 5502
891 6631
5105 2431
9958 4495
4199 7878
4828 8270
8758 7707
649 5946
6899 4257
1080 9949
4014 8893
2403 280
5221 1169
2295 6394
6916 3397
4412 7569
4092 5789
8574 8119
5212 6621
388 8135
1796 3860
3405 2692
5623 9586
1544 2435
2443 6176
9472 6284
7467 3731
3821 2648
4510 1473
8734 8973
7686 1988
5055 694
1742 6078
3705 9790
4818 7715
227 9923
5200 3160
9352 9977
1949 5610
5480 182
7749 6960
7506 5438
1176 1202
4037 8521
4764 9812
8225 1850
4639 8016
9723 210
7366 2347
4999 8424
9642 4010
6220 7352
6945 9709
3227 8779
7915 1403
2742 4773
2289 9126
3879 9919
1551 6477
9281 5449
3092 6719
6745 2779
657 8459
7094 167
6129 3870
200 325
257 9095
2598 8678
2899 6020
6893 1670
6487 7003
5326 2030
11 9229
7263 3204
4625 3420
3120 8352
6117 2376
5323 192
3994 8430
219 6778
1657 5329
3597 4844
7264 9284
6408 6759
245 5941
6642 9298
4213 4923
7887 2479
2935 1232
5060 4522
2477 3279
3034 4609
9202 605
4426 8605
313 479
8719 4121
891 1431
6025 402
8949 3549
5330 5390
7961 9889
8839 7020
4515 705
1184 8309
7259 2374
4671 6121
2146 5858
9485 1642
8179 5360
848 6514
7239 6408
3480 2360
1437 4037
7384 3019
1456 5951
8001 8144
9790 2603
8051 4070
3475 5981
8033 2833
1959 1536
7247 3048
7047 3205
7490 7009
3578 9723
7091 6798
1387 1566
3854 8453
1421 1771
1643 7337
1452 569
6836 9707
9729 3383
7685 5201
8131 4022
1744 2459
9901 115
3952 5423
887 5791
694 985
7356 7397
3249 9620
7911 1664
7353 9368
1844 2143
4352 148
1289 8937
3354 9719
1 8837
3122 4833
7261 7805
7081 1143
1434 5393
4724 3216
4082 1192
7944 1658
2122 6703
1396 7824
2543 2079
1848 7792
1433 6172
2652 6418
6674 9968
5996 9109
1538 8120
7350 3710
4684 560
3698 7359
503 6400
9534 3518
2671 5272
2355 2509
2871 7072
2471 4839
6133 9662
267 349
3999 5495
7784 7810
6832 2393
447 8935
6953 685
9101 8046
5044 8833
2094 3557
3245 2291
2144 323
9734 5861
2890 2506
1208 8040
5658 5078
1690 7039
7790 8311
8284 2000
95 3713
7175 9693
2463 1720
6024 6525
3484 1177
2101 8037
2055 8131
9098 3211
6370 6798
9305 8941
8427 8690
2079 738
274 6838
3927 9428
1547 805
317 9933
6559 4768
4468 7519
3189 5295
3671 8913
5122 7713
9528 515
3605 9877
4399 3664
4838 58
2792 7324
4333 1259
2999 1894
156 7700
1294 3936
2817 538
8276 521
773 8888
4491 3640
6984 9127
436 9650
3785 180
4192 6093
450 4957
8495 8384
247 8451
7894 1838
1537 1164
5778 320
541 2430
529 1370
1723 1997
9825 9097
5476 9789
2208 362
1738 3167
5459 6810
2525 8187
1956 5137
5932 6366
2338 700
9129 1316
7 5004
8103 189
754 5912
7455 3383
3690 544
4431 2171
1979 4708
7554 8012
4436 9467
1702 9182
1955 4982
8311 54
5963 4110
1464 5890
9597 3414
8104 1276
6155 7220
3296 3543
3519 1137
9593 3395
7701 5085
2845 3760
3460 2246
5555 4451
5004 9640
2807 4593
5199 8013
5164 6986
7427 3626
7491 8572
252 2158
2644 9004
1393 5442
4164 4948
4147 5035
2709 1190
6392 2737
6808 888
9540 7058
9692 6376
2423 6402
481 8820
2997 4255
9790 9705
8929 9014
6927 9670
6710 1274
8335 497
7731 4366
4602 4224
8924 9707
34 139
240 234
23 184
259 174
258 213
238 30
208 254
65 153
300 147
292 20
320 215
105 339
319 109
36 248
91 157
125 20
324 190
262 124
220 53
222 57
292 77
115 85
303 288
324 205
186 7
333 79
62 76
308 307
305 55
18 4
312 96
161 306
270 27
203 28
5 346
252 154
194 163
94 245
79 151
64 225
193 53
325 5
120 301
299 184
255 277
333 301
181 224
245 121
274 201
171 47
292 320
116 332
174 292
112 84
91 145
117 13
306 234
113 138
198 189
74 20
310 339
166 189
231 154
303 187
17 28
349 300
249 177
333 315
248 98
240 18
192 307
101 67
73 245
340 126
299 141
304 104
118 157
156 195
294 3
137 14
67 195
27 287
104 202
100 222
298 344
307 41
293 333
84 21
308 138
293 61
134 135
54 167
13 251
231 131
308 312
38 316
172 115
25 101
48 226
323 269
80 8
318 222
351 221
247 311
98 116
111 240
326 310
83 17
262 324
107 283
298 117
322 271
73 208
88 351
146 44
1 88
6 61
294 292
201 123
235 73
346 56
192 26
350 252
135 291
40 227
173 251
309 81
222 102
250 8
167 331
327 114
111 255
84 252
278 46
315 131
145 328
60 122
116 231
98 324
304 122
67 72
283 193
253 21
86 77
48 15
176 73
137 334
335 197
198 86
341 126
297 216
251 318
65 88
63 317
160 280
250 134
341 256
272 149
111 305
290 346
169 52
3 144
329 191
322 168
7 134
11 343
292 184
12 42
115 150
1 203
309 295
333 168
83 218
341 184
67 217
22 266
124 277
183 146
338 342
46 57
279 340
63 319
100 215
152 284
147 117
340 212
122 43
294 82
184 179
199 332
185 181
280 342
339 91
278 326
56 324
43 158
69 257
349 281
72 282
316 145
246 51
76 94
167 289
173 168
320 85
134 288
253 12
284 4
151 138
271 167
208 187
350 238
241 4
177 346
336 247
200 328
244 88
170 81
227 148
325 341
4 186
31 74
206 275
269 292
182 120
348 60
47 342
51 151
254 268
248 216
299 54
44 312
52 211
315 100
229 146
192 124
233 57
323 324
86 296
96 263
329 187
122 285
16 146
10 123
46 299
97 19
321 236
143 331
91 298
302 93
165 193
318 75
61 24
341 11
7 322
133 299
129 84
214 28
240 7
191 29
82 226
55 209
78 182
265 336
255 144
160 64
117 131
143 33
328 131
43 344
329 234
111 88
31 321
60 213
84 140
181 326
211 206
14 103
105 57
56 281
20 280
118 71
71 204
293 337
46 238
275 1
168 102
35 336
108 161
144 189
14 165
264 166
171 139
55 30
268 55
167 220
62 252
61 261
34 344
40 185
55 110
142 140
104 168
24 277
174 21
104 51
29 313
78 325
90 327
84 48
137 271
142 299
124 261
255 217 1
192 40 1
117 56 1
34 20 1
291 186 1
102 275 1
12 273 1
240 116 1
12 96 1
65 290 1
182 192 1
33 231 1
246 241 1
295 307 1
298 343 1
89 176 1
84 243 1
257 88 1
300 306 1
193 234 1
178 268 1
141 50 1
262 247 1
242 326 1
342 76 1
85 292 1
324 167 1
C284 28 1
C126 332 1
C177 309 1
C211 186 1
C1 319 1
C325 210 1
C276 270 1
C339 36 1
C59 212 1
C232 100 1
C350 209 1
C73 337 1
C7 102 1
C334 181 1
C320 314 1
C116 122 1
C27 88 1
C238 86 1
C8 266 1
C131 343 1
C225 342 1
C142 325 1
C150 26 1
C34 267 1
C226 286 1
C312 158 1
C138 129 1

Case2
351 313 0 54
2431 4572
8227 1100
5726 8123
1998 2111
9575 3105
8078 2433
7949 7580
3155 9592
5966 9178
4639 9072
9818 7069
2305 6570
9651 6918
1533 2373
707 6487
2391 3691
7239 5344
1836 6736
3088 725
4719 4077
2702 3041
2920 4391
6341 8713
971 1094
3715 5094
804 3566
955 2079
7885 9656
6853 7642
5947 995
5665 65
7752 3302
5410 7898
4878 2247
2534 9749
412 1784
6149 0
4585 5864
7555 3212
4897 6364
3753 9523
9085 9761
6783 5751
1394 2566
4287 2016
71 892
560 1711
6694 2621
1432 3428
6074 1637
856 7068
8778 2294
1816 2742
7027 8898
9265 348
8725 9362
8200 9704
3665 4372
5707 5993
583 3438
1818 2965
3672 6995
365 6756
2388 9389
7675 6533
8980 1003
3899 4266
3977 9052
9061 4822
1140 5628
3474 9317
9773 8504
104 9216
4189 4855
4649 6010
7197 583
7631 1454
6901 8273
1655 6362
3881 4906
6116 1710
8861 6443
1104 4437
9328 104
2044 1706
7273 6801
6681 1660
9207 5500
6433 5725
3897 8547
4833 7363
2925 1956
6830 4858
4052 7508
4021 1193
7662 4124
2574 2351
2087 4448
2552 6493
4501 8807
9593 396
232 2804
2548 6215
4860 6688
3536 1223
255 4323
75 5517
7848 7120
2547 7832
9827 3573
3985 7609
1741 8229
3433 2234
8011 4812
8496 1971
5224 7042
7542 1544
6799 7189
7065 6530
6561 6875
5136 4774
8098 6744
7581 7908
1383 1701
9542 5680
8087 6204
1421 6335
2220 9732
4871 9521
3353 6027
1410 4341
5468 925
3600 4074
5733 2694
6215 804
3951 5674
2802 7759
5256 2706
1228 4490
5736 4362
305 224
3117 3275
8467 3651
2359 56
4590 3247
9089 3182
528 809
2154 9027
4696 2297
285 9776
6142 4319
6808 6341
8928 1618
693 594
7364 801
1840 6256
3665 8175
3387 579
938 5070
4158 9628
6047 2320
9833 8368
8883 6630
2347 3076
6831 5538
3208 7629
5817 4365
7867 7115
2211 8098
5146 1928
3093 3512
7814 2992
5889 1996
7809 4096
2251 1522
2421 457
5177 7011
5721 3574
2850 1907
2952 1180
7439 246
4263 7715
2203 7680
8145 5054
5635 1992
4250 5518
7072 8487
9900 9104
4287 3279
4497 4774
9833 8034
1334 1234
9626 2948
6801 6090
4186 903
2911 3535
231 4620
232 9785
7922 375
4764 2373
6939 6390
4180 4109
2794 1338
5915 5002
3314 8610
2028 5800
4039 4910
3533 4909
476 7613
9909 6408
4572 3847
7905 636
2559 5725
7428 407
1417 370
1269 5283
1605 412
9786 3537
4388 486
1200 6446
3177 7937
3201 2379
9571 1416
1679 8788
6478 9335
8063 8620
2654 1237
7545 3995
5260 9111
6700 3993
9627 2324
455 5329
8333 9469
5220 4377
4901 2711
7064 6503
935 5442
1297 4009
9391 1962
2530 7112
774 8781
2340 3318
3581 651
5072 9351
5015 933
949 6320
3140 5064
9686 3226
7020 7987
7083 6090
7097 1215
1730 10
4105 2909
8839 9255
1137 4780
3512 6155
134 2956
6268 2998
1052 6053
9557 2381
9203 2572
5136 557
3874 1523
8717 5198
9236 4668
49 3681
6742 6174
3787 542
6763 5595
8850 3022
6042 3107
1790 1802
6677 1693
2703 9959
1851 9597
591 6920
3249 7751
8789 5795
5230 1165
18 1816
1206 226
5006 6841
8399 7796
8135 9868
8150 592
8616 6338
345 8868
5847 9646
2103 6648
3221 6700
2891 5933
5494 5663
484 2154
1013 8063
4765 4921
1599 9338
9289 7634
9686 1604
3716 1879
4429 9916
3773 7707
5942 8620
9213 8857
9547 7566
4421 2794
9998 8825
755 9022
8999 3388
4495 5547
8006 3861
9358 2617
2325 3541
7952 4863
1804 4494
2222 7868
8033 7238
9012 2822
7916 2457
3150 3418
8713 824
7177 2415
195 439
3736 1429
5457 2663
3978 6399
3059 6186
2872 2911
9746 6066
251 133
4693 9176
4611 9407
3461 9974
5220 3768
2165 881
6922 7629
198 9648
1184 1603
2848 2056
6379 6145
3533 2063
94 8995
9076 3049
6324 5719
410 3250
812 9656
5434 5605
8538 7401
328 7309
8329 8694
617 7145
963 4977
144 35
208 155
252 190
211 259
183 212
123 97
252 189
238 192
237 7
66 276
29 32
99 159
219 142
83 6
266 128
290 66
78 273
166 226
306 244
326 266
335 267
295 277
342 291
262 182
142 2
315 175
122 227
260 37
54 152
305 332
246 80
182 99
149 90
18 83
260 11
95 95
12 331
180 239
113 82
281 144
45 290
9 89
203 121
3 38
68 223
202 37
192 16
351 160
87 283
126 40
161 48
261 54
142 224
225 142
331 62
186 280
136 127
192 58
224 4
244 169
31 256
258 175
144 112
237 223
214 81
172 193
237 49
302 123
95 318
104 210
140 161
3 297
96 250
150 226
305 157
239 61
261 77
337 273
139 123
223 181
127 244
86 189
216 251
56 166
114 149
339 287
251 279
219 264
268 268
5 184
165 311
341 226
147 239
118 78
271 7
99 81
161 45
60 150
256 259
43 200
238 277
267 316
16 143
279 136
116 228
260 310
124 246
99 195
155 253
127 338
301 234
235 321
82 194
348 10
60 92
63 168
245 291
133 292
103 287
254 93
54 107
5 199
124 294
246 345
90 241
292 16
348 143
340 99
238 212
286 44
3 67
348 291
301 48
54 59
154 97
187 306
29 55
258 92
244 132
214 310
17 149
179 125
221 83
174 4
47 1
237 172
351 44
313 40
335 317
165 321
241 75
22 42
184 231
199 112
279 192
89 178
128 97
246 259
104 132
44 342
145 62
39 19
261 336
35 188
289 201
208 210
36 76
310 149
69 317
160 224
80 198
46 172
134 180
165 300
71 20
63 35
149 289
267 336
104 200
327 261
209 301
12 17
295 119
346 162
71 8
119 209
227 134
85 330
235 13
54 311
309 343
124 292
107 238
335 259
125 145
103 211
84 99
8 281
131 283
288 28
222 312
55 100
78 152
231 182
104 184
227 40
129 340
167 194
307 52
108 124
332 286
74 306
168 295
335 323
330 183
187 93
47 316
168 316
93 289
133 209
36 100
205 299
288 270
155 340
291 227
304 232
108 7
30 132
143 309
328 97
228 287
247 223
117 255
219 316
31 134
46 238
167 295
152 302
52 211
38 67
268 226
208 62
132 335
298 279
288 5
233 3
28 310
14 342
307 9
207 295
13 240
178 190
113 218
70 273
173 315
8 59
67 12
31 145
262 341
68 55
134 57
242 110
54 153
108 180
37 251
347 345
70 85
234 328
115 48
168 47
345 19
337 135
143 334
91 171
186 150
342 168
80 225
341 185
243 293
259 221
76 63
232 142
176 139
53 45
146 224
157 53
106 337
271 154
271 34
286 123
287 77
288 65
175 285
82 293
350 345
66 305
249 345
3 343
148 102
189 95
10 349
278 108
71 176
173 121
310 125
71 20
289 45
49 146
8 95
281 216
154 138
206 251
273 145
286 347 1
102 228 1
318 320 1
79 255 1
153 114 1
255 1 1
344 222 1
54 17 1
38 216 1
224 166 1
140 50 1
251 84 1
57 46 1
192 284 1
106 325 1
339 82 1
297 239 1
89 179 1
12 263 1
159 298 1
39 249 1
100 32 1
17 183 1
51 335 1
203 33 1
233 145 1
121 253 1
C9 281 1
C35 54 1
C145 138 1
C237 145 1
C150 110 1
C66 313 1
C7 55 1
C338 350 1
C82 6 1
C219 73 1
C218 106 1
C115 97 1
C180 241 1
C197 169 1
C350 49 1
C209 208 1
C213 24 1
C21 64 1
C19 146 1
C298 196 1
C19 288 1
C197 163 1
C309 166 1
C236 286 1
C101 212 1
C69 284 1
C156 128 1

