Case1
493 393 94 0
9430 9026
8623 4809
6002 1887
2660 3725
3726 1133
8092 3400
7399 3275
8121 4856
1489 5726
2388 8365
107 2592
8016 1039
2347 4183
933 4689
3928 2750
552 2982
8248 8566
5040 1870
8655 1130
226 6170
9034 43
2461 8214
1678 8846
4620 1580
9774 3036
4928 4025
6831 355
220 8976
6941 7451
8869 4193
7778 2050
3709 9537
2990 3908
1997 3186
1799 957
7666 7089
1417 9327
988 7956
2268 7184
2119 9688
6859 2755
7907 6760
649 6231
5914 5812
7314 3838
5607 4423
1330 9828
4318 1935
8056 8794
4789 7024
5124 6397
1821 714
9295 1281
7909 1533
9746 4805
1581 1574
2174 8054
7638 8404
8090 7509
5447 7928
163 1771
62 7616
7634 1749
1012 7804
5419 5855
5332 1196
6776 9920
4646 7131
2187 8772
930 7708
6440 2730
1943 7438
1815 7621
5289 6729
7761 1325
9536 2232
6440 3426
1915 3817
9174 6958
4722 8809
928 2993
6752 8976
8725 9378
1846 4749
5142 4726
3942 4129
9923 7552
6882 870
1085 8288
7713 7609
1957 8861
4159 4880
2019 484
564 6163
7604 5385
1689 2492
3107 2254
461 7501
4622 8447
4021 5273
5659 4143
2216 8868
8991 4996
4082 6955
9550 160
775 9673
779 2018
7948 2493
880 2386
6584 8666
5987 7568
8984 6628
4450 1206
5738 8682
166 9562
305 1176
3112 8589
117 4446
2157 5987
7004 2861
8583 4242
5188 1464
8738 2626
2078 5887
774 7076
5676 6495
3527 6961
2522 6057
5222 6821
1807 2612
5960 9361
4516 5667
674 3204
1302 4377
8631 5215
9153 943
1415 2561
4835 1104
3866 4116
2666 6282
1401 4263
5131 8761
2813 4753
7589 2043
9759 1841
2421 3476
2872 6620
3789 5161
9740 6201
1430 2190
1806 2196
841 4333
5686 799
7607 8442
9338 5719
5657 4032
5082 1166
2777 3799
9546 7182
1845 4110
5263 3667
2939 7954
9903 2695
9729 4253
6852 870
3364 2972
5254 4841
8464 5036
8489 3416
8726 9717
7568 9151
4220 9840
9936 770
8439 6952
4780 5345
857 4393
3106 5728
9908 6135
4540 4462
2043 3186
3121 76
4877 7393
1197 5516
6258 4526
3921 1280
6581 4717
6833 7806
8641 8482
5547 2575
7890 854
9660 7518
6105 4482
2626 1360
3139 4921
5624 9755
4692 7825
6154 3269
8858 8246
1509 9610
578 6846
3135 1792
1056 6440
376 8443
8712 5026
1148 5849
9309 8214
2654 3969
5505 4769
7424 185
295 3940
8707 5303
4526 2120
4474 5975
6015 9475
1190 6595
6657 4196
6882 1511
4358 3242
8024 5375
8630 3555
6288 5382
2235 7094
9295 4269
6424 6289
4166 6987
3962 3947
3915 7178
2432 3089
4448 1806
82 7711
4361 3596
7876 5037
567 1288
4349 3507
294 7162
4382 8383
4004 9734
9027 8702
4409 7110
1201 5073
3882 3083
1234 7741
6310 3724
6975 8278
9705 6962
5527 6304
2742 1452
7535 4679
1794 3884
378 2797
5007 5797
3644 7781
6501 1990
8806 7667
6862 2620
5162 8989
5761 212
5797 3563
8749 1004
537 5735
3066 7227
7747 1859
6648 3283
3115 8384
413 4102
1606 3515
6398 8395
8170 193
3320 3013
3926 4823
6787 7175
7138 7087
3455 6902
2497 1016
7249 735
7967 6483
964 7476
5783 3265
8467 5549
3051 6953
1075 1415
7841 7061
6728 1384
8685 2963
2018 7191
8919 2498
5324 712
2482 1448
3872 7350
4433 9464
8844 730
7715 9488
371 3675
7524 3230
8651 1621
5995 4832
8275 5091
2865 8490
396 7199
2276 3548
1336 692
1950 2292
6858 6552
8589 1528
8481 2798
2531 8940
1948 7837
5481 9130
8218 7386
7406 2316
4200 7842
2587 698
3900 1817
266 3669
550 3460
2291 3244
6877 2220
8782 5359
3752 3701
2909 1003
7106 5414
7622 3562
9222 3376
355 5175
3318 2761
6622 5468
9651 2091
9722 564
7288 5832
1767 8943
8198 4674
725 3405
9275 6258
9216 5194
3586 1677
3471 7117
4227 4664
5028 7437
2923 1084
3461 5247
799 6056
5827 1051
560 4850
7312 3365
7763 1550
8057 3279
3817 6415
3115 4164
4874 8828
6058 2917
8893 7817
1895 2523
7780 6192
1637 3063
2778 7548
9098 9793
9017 7622
341 2384
9494 2766
7563 9061
9694 8689
2118 2939
1469 2018
5931 5653
8902 5737
6570 5053
9392 7095
8911 9636
451 3194
5486 2251
6338 5149
8380 9560
8984 6411
7856 1769
4512 4716
6738 9229
36 9895
5061 8630
5410 1769
6471 1725
1136 3334
6425 3813
6728 4432
2378 7471
3482 300
7838 9519
1838 7498
5387 5563
6292 6981
8639 7026
154 374
9421 162
8390 870
4449 5160
9201 4593
5253 6175
4090 1761
6160 9885
1709 9519
7802 994
2963 9945
7767 8009
3567 7380
5799 1553
5539 8994
8239 526
929 1271
5290 8461
9539 3004
5134 3606
7318 2242
906 1457
3677 699
137 7711
4040 4121
1349 2967
8636 1249
9233 7891
9721 7190
8042 8996
7250 9217
2691 729
7296 4363
8385 9132
8504 8495
2581 5962
9268 5988
7566 9909
2387 7630
7993 3270
4558 1898
5371 8291
5188 1395
665 7276
2766 1870
6932 4533
7298 6028
6222 6210
4154 8094
8868 6184
8093 7978
8703 2302
6193 5808
4762 7472
4962 8579
8595 4367
9973 720
6413 852
6059 9506
7042 5616
2302 4357
9814 9959
8837 6418
1454 2193
1831 960
7301 5720
8947 653
187 439
9991 2077
9818 9911
6568 1371
6496 3409
97 7479
5740 2873
9731 3015
4467 9624
423 3514
5208 4687
6714 5487
2113 9590
9565 2575
1403 1537
2091 6915
9328 8082
4917 9759
2734 1534
3470 1388
893 2692
7592 5399
2349 6750
8531 6554
7257 1667
9579 4573
3950 728
4405 8453
8231 6529
1492 7235
5330 3222
3982 3471
7354 7492
1703 5089
3591 6418
6205 9809
171 409
85 464
436 372
6 135
43 334
30 270
245 225
422 388
175 49
275 28
61 31
46 67
351 70
379 204
192 120
299 306
168 41
108 213
226 280
413 355
196 429
44 253
70 171
289 70
448 386
35 84
222 386
238 80
141 454
320 171
120 99
371 346
345 5
46 296
36 374
276 11
449 32
340 6
246 320
310 321
334 206
323 300
282 416
80 26
27 337
403 432
344 433
258 152
121 137
254 419
441 235
80 150
443 20
293 198
256 198
199 33
139 276
294 485
447 86
336 127
387 210
346 37
301 69
257 493
320 12
120 339
404 222
125 327
292 342
418 138
64 218
84 285
281 485
159 75
428 92
270 42
338 356
386 209
493 123
213 178
69 340
403 277
168 41
372 432
188 414
353 440
281 149
163 121
150 47
41 337
345 40
167 163
187 356
81 214
175 255
93 282
222 456
430 48
392 235
168 435
275 429
419 409
79 436
480 269
142 448
419 239
124 271
448 27
174 299
82 93
374 16
352 83
352 179
141 379
259 129
291 152
178 1
242 489
152 74
18 165
155 314
195 305
391 269
361 421
30 339
9 181
227 422
209 402
392 147
351 478
299 458
165 203
84 443
235 450
86 323
49 248
451 480
395 221
492 223
385 144
465 3
234 305
335 334
365 170
269 122
7 19
343 221
264 249
434 324
318 144
161 471
423 178
12 39
183 335
463 70
250 467
291 140
375 45
138 4
194 17
268 117
283 173
189 165
306 299
405 114
317 253
221 13
273 337
236 446
198 269
467 257
287 189
55 409
178 285
121 52
157 190
464 441
169 10
173 294
359 423
15 323
375 134
423 306
414 450
424 325
428 61
385 424
56 244
250 302
164 261
77 130
11 210
415 193
257 381
491 371
166 179
118 373
311 58
230 448
395 407
287 390
182 248
467 141
234 180
200 249
41 50
442 273
431 136
470 393
443 173
487 164
240 26
53 270
450 128
315 361
315 332
425 383
283 458
184 483
91 78
111 434
390 154
121 139
315 164
408 270
379 487
411 186
190 199
74 427
284 383
263 128
213 321
366 245
259 334
466 266
486 150
307 259
223 115
489 309
287 378
378 64
137 128
35 151
144 459
234 304
257 208
280 124
99 264
113 290
468 278
215 433
300 357
294 411
434 303
277 3
180 204
142 172
211 109
58 391
244 284
295 55
237 200
200 183
8 180
402 43
64 475
125 356
267 25
112 227
149 63
356 263
458 184
43 445
125 438
333 205
313 149
324 151
362 466
391 183
249 339
147 340
72 106
307 48
251 238
475 24
317 434
362 60
216 15
418 428
387 338
217 343
331 148
469 136
263 474
128 162
162 160
220 340
354 410
347 291
167 385
11 221
69 352
46 473
409 110
187 281
344 21
175 53
132 375
488 105
12 458
328 70
237 444
306 166
486 244
412 366
231 139
332 135
439 225
291 484
255 182
116 478
36 420
210 334
316 479
408 401
17 58
63 105
335 472
258 421
384 360
42 126
19 157
483 19
203 394
413 324
295 136
164 264
393 34
297 369
486 352
416 41
212 428
438 322
220 422
350 470
23 200
441 44
363 109
357 165
346 293
347 425
365 9
97 226
133 362
453 193
148 308
187 226
483 142
336 40
477 327
202 10
197 415
316 218
237 156
31 365
423 394
448 253
403 79
253 370
9 346
274 151
264 137
338 21
119 329
475 312
47 1
408 262
68 55
176 317
335 482
341 91
316 113
240 403
314 99
173 82
10 190
467 304
391 456
199 201
191 385
169 290
308 373
462 109
4760 6497
2035 3617
1212 3466
9702 9821
643 4922
3401 201
3247 9954
9668 4944
5988 6183
2551 3627
8486 6915
2544 5357
5138 7940
2374 4999
8926 6239
2114 2925
1722 9165
2411 244
1800 8006
2606 145
1746 4287
9978 8688
8981 628
7454 5122
6705 548
9723 2683
5255 3193
1889 5668
2540 9671
564 7564
7553 7374
4586 8041
2773 7500
1459 3657
9685 8829
6032 8310
6621 7737
9931 4639
9665 429
3837 6880
5425 8397
9828 8978
9199 2235
7669 9169
3204 2134
7237 3715
7390 5571
9010 7940
9659 4053
6007 2364
3241 1107
3431 5319
6448 3149
6825 1162
4037 3325
5581 4976
53 6013
6286 443
9144 6231
9579 7510
7054 3913
4916 393
1338 7729
17 4506
126 6921
5571 2939
197 2517
1262 9320
5610 1174
6184 4028
4647 5897
5239 5051
5929 7951
3280 3066
4226 3369
423 2749
2708 5645
5222 8756
1140 3421
7201 5334
8914 8317
6625 3112
7674 3357
7322 5260
804 6919
7884 7895
6034 584
7618 6413
3056 1848
6268 223
191 4219
699 3262
2845 7956
7512 6642

Case2
493 393 94 0
1799 4397
7817 2766
1231 5636
9368 7372
4740 9182
1576 7045
2651 4140
1045 5025
5395 1446
8726 7322
5849 5746
5004 4534
8193 602
5677 2150
2056 1905
18 3545
8502 6581
1990 5427
8751 5013
6990 5054
7456 5927
9492 2197
9807 1933
1428 6514
5765 2402
7230 2771
5360 7895
9059 2203
6088 6975
4972 8147
7215 1921
3498 8088
6046 4580
420 2250
8093 7397
7444 942
6430 7537
7859 9014
5574 3920
1319 6000
1684 7993
8414 4773
4022 9076
5832 9868
2243 4299
4636 9025
331 1243
7371 7984
762 8681
4587 9020
1809 7104
7708 8363
6858 6088
3130 6223
7016 9943
1931 5893
7380 6627
628 5139
2882 7412
1073 3940
1825 6427
1730 7511
3923 9861
8363 2517
4938 4352
9453 7397
1875 2891
555 4779
1079 4423
2247 5147
6564 247
8289 6093
7431 6336
4250 765
1335 5683
1897 2458
5607 8970
1406 9686
8866 4950
1647 7510
3741 4250
8670 6458
5670 1518
3825 9888
3623 1269
5968 4356
6131 2176
6628 5211
9950 3024
3133 1413
9367 1142
2305 9429
1260 679
6488 5897
4760 3818
4492 2791
4645 2718
2285 6723
4465 3808
2182 6215
8758 8874
4702 6828
3722 9358
4281 4287
2250 1224
8571 9999
2284 7829
1197 1670
7161 7328
9552 4168
2793 9338
2398 2168
9349 2787
6948 6693
4413 3216
1392 2212
535 3123
6837 9606
2546 3397
2077 3015
9026 7343
5739 5365
7955 1378
2894 8164
8680 8076
7504 6103
1099 7890
7742 5901
8208 5679
8607 1881
29 6893
5086 7851
5350 6176
9568 5957
2627 8061
9230 8461
3021 5417
2665 7577
6541 6347
154 1897
6990 4358
8663 5297
2621 9803
919 5666
7151 2811
7725 6347
184 9251
4027 2718
6976 1585
2231 31
4916 5972
727 6283
8207 5368
1672 5696
2738 6017
9689 4207
359 1255
2339 8243
5469 2289
3990 2035
7107 293
6978 6726
6585 8022
7880 6615
4124 1929
2131 4019
7901 7796
7234 4456
5452 3748
3340 8070
511 4716
180 1629
7952 1375
914 7742
5787 4889
6818 4439
5928 5934
1462 8771
4759 2829
9476 2647
488 8938
2873 7810
6718 3929
7473 9487
699 6996
2958 5109
329 2628
2803 5242
6127 1224
4423 8811
3108 7408
5711 3643
2816 8741
1397 6374
7551 6251
1583 2827
7292 6115
5190 1146
4766 8696
3125 5138
5637 7186
9480 4576
8904 3113
4237 2513
7237 88
7631 7088
8222 354
4569 6714
5243 918
7337 3111
1098 7380
6175 6165
8342 3873
275 8290
7814 7025
6220 3651
876 283
6980 9365
1421 2515
2186 1644
926 1410
9615 9744
3531 7881
8525 4494
8376 2380
7866 6267
3324 7892
6193 9264
7570 7153
5611 5175
614 3652
9029 9463
1622 6896
8608 7786
6285 2481
3399 8418
7933 6664
5846 8890
5915 3224
84 1568
6999 7741
9810 3372
4918 608
9819 9421
9092 5554
3300 9065
6013 4801
6453 5424
5848 5522
3043 6347
2347 4776
4182 5539
6381 1730
2766 7484
2090 6644
7772 8741
9944 5822
942 1234
2829 563
7238 216
9744 5964
894 715
6564 2376
923 1529
4969 8307
3451 5040
8647 8593
3420 4490
586 5782
4869 7741
6474 5862
7271 7997
7004 1653
5186 7475
6247 8565
9913 9614
4144 7680
4725 9028
8636 651
9789 6130
7017 9293
8939 5123
6647 368
8091 9866
2352 2651
4283 2040
1540 9001
5068 9983
8367 977
316 4557
5091 7260
2345 554
2230 39
5734 8210
9026 5460
5208 9656
2312 5170
8506 9400
4968 6105
1287 6226
4767 4711
2845 6334
688 27
4594 3970
6532 7248
8175 6324
992 9703
6346 4053
9317 2545
7803 7435
4072 5883
6546 838
1642 8532
7505 5008
6629 6172
2732 7438
8505 9251
6688 6054
3597 6685
4868 329
738 1133
7362 7028
788 413
7803 4793
8639 7495
8584 2996
1262 8440
5262 5430
6929 3623
6593 8700
8777 2632
1794 8526
625 7357
3316 4521
4092 940
1639 5500
3887 2518
8455 2866
2499 8946
5947 9221
6403 5104
2828 2970
3349 3778
2304 7425
4406 4594
3187 4627
4929 9049
3008 10
5870 5283
1186 3854
502 1919
1030 9461
1963 5007
1703 6015
3824 5953
5122 6146
9336 1137
8218 4371
4956 5861
8006 2779
293 6251
5424 4620
9710 2801
4093 4762
462 8335
1787 8379
8526 1345
5678 5701
5966 2922
7239 1157
3117 1747
9049 9834
4732 7032
3695 2809
1691 3658
4469 5632
8971 7311
8606 976
6080 9905
6467 7338
8406 7240
4222 530
6587 1481
3378 3690
6321 810
7778 4523
2883 7371
7597 5600
3004 2527
292 4651
1762 5335
466 7028
3649 6149
4165 1741
5080 2317
8265 5837
284 7029
2285 9270
3699 5569
8227 3852
9819 5442
3830 5419
5758 8154
6050 7908
2733 789
4463 1676
82 4943
8830 6135
9546 9058
1113 8489
8066 7759
9860 6239
4561 8412
4046 986
9830 766
4262 5029
9024 313
1398 260
2997 9783
6874 964
8212 6040
3910 8236
4883 1608
6341 3966
9560 988
10000 6611
1438 2023
1877 9252
1373 1653
3924 2907
8755 3587
1610 4460
4212 2651
2190 9108
5462 6866
3981 1818
9500 3683
5917 910
6828 1220
6128 9601
2445 8815
9362 8093
3889 3797
5713 9658
8838 2952
7276 9006
3425 7845
5124 245
7784 2909
6315 4696
7105 3992
9504 5947
4967 2931
8180 670
621 620
2554 8905
3482 7075
4686 6805
6131 1967
6551 8160
1842 3316
7467 8412
3827 5086
5526 6323
1194 6774
7498 3972
958 9304
3059 5364
6347 1930
2132 7530
9121 4297
8615 5753
7656 6229
9859 6277
3135 5442
8881 5726
3351 9940
5459 6317
7342 7533
3055 9932
4373 9669
777 2124
7617 550
3516 9205
6283 5393
8783 7709
9947 3569
5825 5745
5323 3410
1124 9990
8869 5460
4517 437
8201 81
461 83
467 195
152 18
482 58
305 81
170 63
388 300
241 272
408 148
31 272
37 45
370 150
108 165
115 468
35 422
291 240
141 374
44 412
89 313
475 170
259 115
67 377
175 379
47 426
481 416
264 197
491 394
183 45
209 288
70 403
130 327
278 313
154 344
284 361
417 136
67 427
72 436
26 296
10 182
366 15
470 259
230 239
481 193
2 332
300 7
177 326
445 43
190 279
410 391
425 436
26 189
120 390
251 326
135 493
264 55
140 292
85 338
304 486
243 382
485 394
412 111
46 209
291 317
379 347
256 219
358 207
481 273
279 456
259 165
484 116
207 36
399 383
205 344
125 96
128 245
166 294
318 317
33 214
27 135
82 303
165 398
232 355
397 216
346 287
112 229
216 69
393 21
143 374
249 299
361 451
175 147
233 115
61 99
473 491
113 41
362 29
407 402
92 312
401 6
271 456
19 414
354 465
206 395
453 331
406 93
158 486
397 419
193 135
427 422
159 96
38 89
193 154
365 146
222 403
160 199
132 2
466 22
333 87
313 414
52 255
33 355
355 110
418 41
401 334
111 29
349 395
467 15
476 50
145 27
198 449
456 60
351 43
50 389
179 392
232 223
401 249
377 117
485 148
385 54
248 443
317 103
489 159
178 178
170 123
231 420
418 250
455 464
422 491
234 2
12 127
194 71
117 425
333 340
388 403
259 257
311 373
262 203
133 354
156 483
148 14
28 462
153 206
94 86
330 267
488 158
54 424
327 244
77 423
393 436
269 327
104 67
267 92
244 112
429 418
309 318
159 144
67 270
94 305
162 172
374 267
126 134
369 246
265 294
178 491
339 304
79 125
128 171
268 187
212 9
11 325
231 466
311 285
198 165
312 255
457 152
276 125
303 132
321 63
262 451
230 430
149 290
424 49
396 37
276 62
218 176
107 88
137 272
239 175
227 262
346 331
277 35
171 116
312 433
150 173
457 429
491 401
286 339
409 311
386 358
179 127
384 8
109 409
5 317
292 397
443 328
262 154
71 12
135 453
24 458
439 255
368 330
53 262
441 277
388 21
369 155
24 492
297 294
353 203
251 10
216 83
183 25
484 424
426 280
224 69
479 26
198 410
253 236
120 60
416 334
259 389
439 170
351 30
369 479
46 443
395 415
293 311
115 19
255 77
350 235
238 313
241 266
377 197
461 191
255 246
28 350
303 342
249 440
486 215
399 357
83 484
143 390
97 384
87 254
356 135
190 150
252 14
307 277
481 1
399 120
280 116
314 54
416 307
2 195
72 448
162 148
78 175
189 129
126 442
391 205
487 437
10 334
258 467
187 373
26 113
364 245
52 300
444 93
85 241
93 91
404 172
315 320
318 451
225 435
26 161
396 306
465 99
132 15
24 489
104 303
132 206
424 11
56 335
231 19
348 313
92 270
185 293
155 341
180 123
399 353
398 305
387 319
444 472
401 334
312 294
180 166
35 466
194 42
444 352
72 96
33 326
314 247
367 443
306 60
329 67
59 194
212 275
151 287
288 455
292 38
59 439
472 359
240 449
20 46
161 342
195 6
216 90
266 305
423 283
289 280
321 147
229 87
196 242
10 108
50 211
120 396
430 7
339 141
403 306
309 462
235 35
174 77
151 293
21 144
363 429
203 426
476 225
354 369
369 58
420 371
327 294
88 363
25 7
421 161
13 54
463 41
253 5
478 291
9 235
316 210
485 395
272 404
38 254
478 54
218 422
215 424
14 453
464 55
144 339
249 9
95 4
75 381
218 128
473 14
4806 6487
8236 4526
7457 1645
6099 3158
9912 7346
8376 8386
5570 6271
7765 6741
3578 9275
3133 5012
8161 6290
302 5825
9307 2813
2712 9783
9948 3448
4437 3632
9799 937
0 9093
7512 5093
9022 6301
911 1084
8828 9091
9750 644
4906 6795
6614 2937
7245 8636
9422 4075
507 2350
3277 5554
7301 8235
374 2247
6768 3463
4096 20
5238 9217
7505 1517
1703 4943
6990 6216
8566 9903
9040 7464
7235 2015
1774 4863
8952 8029
3196 5152
3500 6998
4952 8466
2369 1179
3794 9790
8336 4562
2921 7283
471 9490
1894 175
2132 6064
6931 8972
9599 7374
3028 9813
751 5982
5604 3020
6400 3539
2097 3079
1703 5949
3352 3620
1497 1040
496 6327
1282 4394
5486 7096
5134 1635
2555 6304
2846 2300
3365 2532
1266 1197
843 770
8950 8086
5388 6733
9032 5444
2428 8709
2512 7120
2153 7141
3042 7739
644 9985
4725 3876
6609 8850
6458 3225
9452 6870
9895 7234
2510 4349
3262 6046
9949 2289
9902 1934
7006 7125
8717 8915
1109 2187
3492 1701
5672 2756
9411 6788

